     0.000000
  3.16674478651888E-02  2.53992749530644E-09  4.26069843314410E-08  3.14938145083408E-02  0.00000000000000E+00  0.00000000000000E+00  0.00000000000000E+00  0.00000000000000E+00
     0.100000
  3.06801823113839E-02  1.22087227251894E-03  1.86174029585663E-03  3.03183890093561E-02 -4.85818954088246E-20  0.00000000000000E+00  1.44797409520073E-03  0.00000000000000E+00
     0.200000
  2.91063028211449E-02  4.01350569007857E-03  5.55343624144696E-03  2.85383321536345E-02  1.06653351222917E-19  0.00000000000000E+00  2.60199680732350E-03  0.00000000000000E+00
     0.300000
  2.74671872277889E-02  7.07819479727736E-03  9.85994814058327E-03  2.69666891274403E-02 -5.16350181086527E-20  0.00000000000000E+00  3.51464138960847E-03  0.00000000000000E+00
     0.400000
  2.60586919711285E-02  9.71303860251739E-03  1.40429437859788E-02  2.60962864302927E-02 -7.42743473443918E-20  0.00000000000000E+00  4.26596890250016E-03  0.00000000000000E+00
     0.500000
  2.50528274605313E-02  1.13984929759395E-02  1.75281516836096E-02  2.62828853835329E-02  1.59713460407064E-19  0.00000000000000E+00  4.89479960362504E-03  0.00000000000000E+00
     0.600000
  2.44336803116336E-02  1.21925368608591E-02  2.04983090085591E-02  2.75403653473473E-02 -9.76425993946430E-20  0.00000000000000E+00  5.50001412156645E-03  0.00000000000000E+00
     0.700000
  2.40877009552893E-02  1.25645063244048E-02  2.27867537628973E-02  2.96819230978381E-02 -2.71613058152323E-19  0.00000000000000E+00  6.13221027579891E-03  0.00000000000000E+00
     0.800000
  2.38691192269510E-02  1.32323070145310E-02  2.43605322127325E-02  3.23360453354501E-02  1.73920265787927E-19  0.00000000000000E+00  6.82112671061402E-03  0.00000000000000E+00
     0.900000
  2.36748152367139E-02  1.45587544284853E-02  2.58023612337422E-02  3.51883349786464E-02  2.13193334561715E-19  0.00000000000000E+00  7.57140021678265E-03  0.00000000000000E+00
     1.000000
  2.35824979240698E-02  1.59543014142556E-02  2.78856890636861E-02  3.82932185014353E-02  3.25696321128118E-19  0.00000000000000E+00  8.30375857676415E-03  0.00000000000000E+00
     1.100000
  2.37242102354853E-02  1.68198352157054E-02  3.01146331271718E-02  4.18596126432020E-02  4.39641076126402E-20  0.00000000000000E+00  9.01592264293908E-03  0.00000000000000E+00
     1.200000
  2.41128043801830E-02  1.73868953567950E-02  3.20995598017963E-02  4.59400504880317E-02 -1.71254915713570E-19  0.00000000000000E+00  9.73273810210979E-03  0.00000000000000E+00
     1.300000
  2.47028335333924E-02  1.78835039109633E-02  3.41958028236105E-02  5.04722101327426E-02 -1.11687087820064E-19  0.00000000000000E+00  1.04630190130831E-02  0.00000000000000E+00
     1.400000
  2.54673877693267E-02  1.82244369218375E-02  3.64122600673476E-02  5.54057350732285E-02 -3.15611289509342E-20  0.00000000000000E+00  1.12227403141399E-02  0.00000000000000E+00
     1.500000
  2.64020518002131E-02  1.84153058689689E-02  3.86563109679990E-02  6.07200201840083E-02 -4.53644581051116E-19  0.00000000000000E+00  1.20041553509718E-02  0.00000000000000E+00
     1.600000
  2.75256952868996E-02  1.83631863061500E-02  4.06208601466851E-02  6.64443644776812E-02  1.60106327067667E-19  0.00000000000000E+00  1.28121486209992E-02  0.00000000000000E+00
     1.700000
  2.88189399072836E-02  1.82347319513055E-02  4.22201643728668E-02  7.25429003596804E-02 -3.40981737150136E-19  0.00000000000000E+00  1.36462932670486E-02  0.00000000000000E+00
     1.800000
  3.02503331631819E-02  1.82226709261045E-02  4.36599060366129E-02  7.89586083348448E-02 -3.32841088365047E-19  0.00000000000000E+00  1.44851527179397E-02  0.00000000000000E+00
     1.900000
  3.17885293394424E-02  1.83794401568714E-02  4.51701508545116E-02  8.56333903306804E-02 -6.67700422193088E-20  0.00000000000000E+00  1.53278878021055E-02  0.00000000000000E+00
     2.000000
  3.33734793507321E-02  1.89165746181861E-02  4.66439176189393E-02  9.24271933977778E-02  2.95316739859725E-19  0.00000000000000E+00  1.61833168267590E-02  0.00000000000000E+00
     2.100000
  3.49701746919998E-02  1.98654234769784E-02  4.81733940820755E-02  9.92482097634030E-02  6.33673697564453E-20  0.00000000000000E+00  1.70394697812505E-02  0.00000000000000E+00
     2.200000
  3.65889191092692E-02  2.10706054643974E-02  5.00219902074765E-02  1.06084226609401E-01  3.19334777049580E-19  0.00000000000000E+00  1.78922518194497E-02  0.00000000000000E+00
     2.300000
  3.82568781158404E-02  2.23436083475980E-02  5.23076902344300E-02  1.12952240294353E-01 -2.64920094197075E-19  0.00000000000000E+00  1.87429401230344E-02  0.00000000000000E+00
     2.400000
  3.99969884166925E-02  2.35677969878944E-02  5.50821633279807E-02  1.19888914408273E-01 -2.32945825226231E-19  0.00000000000000E+00  1.96005664518813E-02  0.00000000000000E+00
     2.500000
  4.18009706623622E-02  2.48495209776116E-02  5.81323109104328E-02  1.26884110316353E-01 -4.14963834903697E-20  0.00000000000000E+00  2.04765872114858E-02  0.00000000000000E+00
     2.600000
  4.36462813129163E-02  2.63255902430351E-02  6.12594811554118E-02  1.33899860654463E-01  2.72812447901567E-19  0.00000000000000E+00  2.13629491723268E-02  0.00000000000000E+00
     2.700000
  4.55310693638569E-02  2.80091956221556E-02  6.44045372770967E-02  1.40940854104531E-01 -1.09221276489173E-19  0.00000000000000E+00  2.22562978028105E-02  0.00000000000000E+00
     2.800000
  4.74582758668047E-02  2.99110073717532E-02  6.74946053896640E-02  1.48013531142638E-01 -4.62596801008427E-20  0.00000000000000E+00  2.31619088155540E-02  0.00000000000000E+00
     2.900000
  4.94375373384590E-02  3.20207736814698E-02  7.04448402026536E-02  1.55154179442368E-01  3.97326266095273E-19  0.00000000000000E+00  2.40783734943524E-02  0.00000000000000E+00
     3.000000
  5.14922408479244E-02  3.42244947347849E-02  7.32957683760193E-02  1.62446380948892E-01 -3.37569207689831E-19  0.00000000000000E+00  2.50069856057368E-02  0.00000000000000E+00
     3.100000
  5.36375988822432E-02  3.64265917644487E-02  7.61623835488157E-02  1.69953589833854E-01  1.22134704857634E-18  0.00000000000000E+00  2.59512254252952E-02  0.00000000000000E+00
     3.200000
  5.58779127213368E-02  3.85742246143237E-02  7.91024438334937E-02  1.77711682535155E-01 -6.15926487520256E-19  0.00000000000000E+00  2.69153305401800E-02  0.00000000000000E+00
     3.300000
  5.82042255487158E-02  4.06765061051309E-02  8.21249802515687E-02  1.85711340616775E-01 -5.54568565275489E-19  0.00000000000000E+00  2.79031835448542E-02  0.00000000000000E+00
     3.400000
  6.06050734590055E-02  4.27785628556556E-02  8.51433412183254E-02  1.93925600881345E-01  1.32826698931221E-18  0.00000000000000E+00  2.89113873580020E-02  0.00000000000000E+00
     3.500000
  6.30843060419202E-02  4.48346851870680E-02  8.81612981762602E-02  2.02364371273381E-01 -1.66683619275971E-18  0.00000000000000E+00  2.99398205793912E-02  0.00000000000000E+00
     3.600000
  6.56434699998477E-02  4.68275972248166E-02  9.12656702354290E-02  2.11028316445477E-01  1.94399242893742E-20  0.00000000000000E+00  3.09948901191213E-02  0.00000000000000E+00
     3.700000
  6.82754397570589E-02  4.88291507677810E-02  9.44371397550384E-02  2.19906024162801E-01  8.91215851637391E-19  0.00000000000000E+00  3.20753592063864E-02  0.00000000000000E+00
     3.800000
  7.09746643097014E-02  5.08868185124917E-02  9.76670190200448E-02  2.28997082305898E-01  7.72718710516595E-19  0.00000000000000E+00  3.31765147741004E-02  0.00000000000000E+00
     3.900000
  7.37349560243999E-02  5.30276282401643E-02  1.00945269405418E-01  2.38289197113869E-01 -8.06196056506316E-19  0.00000000000000E+00  3.42953603421975E-02  0.00000000000000E+00
     4.000000
  7.65540626714129E-02  5.52407548537626E-02  1.04265184844401E-01  2.47776337972393E-01 -3.96736342720108E-19  0.00000000000000E+00  3.54306605091987E-02  0.00000000000000E+00
     4.100000
  7.94332177582548E-02  5.74993004603971E-02  1.07667606924654E-01  2.57459603199506E-01  6.58992344788468E-20  0.00000000000000E+00  3.65861112083785E-02  0.00000000000000E+00
     4.200000
  8.23736280066703E-02  5.98019802521399E-02  1.11150873574352E-01  2.67342080066237E-01 -7.36189620188397E-19  0.00000000000000E+00  3.77631385258671E-02  0.00000000000000E+00
     4.300000
  8.53813421245021E-02  6.21293998785038E-02  1.14702708867707E-01  2.77448597077368E-01 -5.32817542869195E-19  0.00000000000000E+00  3.89616867043390E-02  0.00000000000000E+00
     4.400000
  8.84586584335852E-02  6.44715508837852E-02  1.18361143838348E-01  2.87788871272532E-01  9.52019643615424E-19  0.00000000000000E+00  4.01855492743716E-02  0.00000000000000E+00
     4.500000
  9.15989006368655E-02  6.68755983065469E-02  1.22122293846323E-01  2.98341904671958E-01 -1.77518309330403E-18  0.00000000000000E+00  4.14338206114066E-02  0.00000000000000E+00
     4.600000
  9.47974169873311E-02  6.93883532670765E-02  1.25921104893106E-01  3.09093075171664E-01  5.84664768762943E-19  0.00000000000000E+00  4.27020141951932E-02  0.00000000000000E+00
     4.700000
  9.80549551391781E-02  7.20247543380492E-02  1.29718928167971E-01  3.20040321391880E-01  1.43572816428299E-18  0.00000000000000E+00  4.39883989634924E-02  0.00000000000000E+00
     4.800000
  1.01376996191715E-01  7.47793053272998E-02  1.33484780895476E-01  3.31197112785867E-01  5.05611004219609E-19  0.00000000000000E+00  4.52935444665626E-02  0.00000000000000E+00
     4.900000
  1.04772145769267E-01  7.76297582790799E-02  1.37222548954750E-01  3.42590787625834E-01 -2.20996380651000E-18  0.00000000000000E+00  4.66221184165073E-02  0.00000000000000E+00
     5.000000
  1.08245526238552E-01  8.05750571882073E-02  1.40960616881417E-01  3.54240468393793E-01  2.26267663672869E-18  0.00000000000000E+00  4.79785933530967E-02  0.00000000000000E+00
     5.100000
  1.11800801664629E-01  8.36182727330318E-02  1.44689261894026E-01  3.66165120658676E-01  7.95015383831550E-19  0.00000000000000E+00  4.93646043041791E-02  0.00000000000000E+00
     5.200000
  1.15441279104770E-01  8.67410262601159E-02  1.48438871284705E-01  3.78380188385002E-01 -1.00768165374711E-18  0.00000000000000E+00  5.07843336294597E-02  0.00000000000000E+00
     5.300000
  1.19165966619081E-01  8.99424281410353E-02  1.52256117713960E-01  3.90881291184886E-01 -2.98791027959697E-19  0.00000000000000E+00  5.22419169780360E-02  0.00000000000000E+00
     5.400000
  1.22974735369906E-01  9.32248595242440E-02  1.56146231828673E-01  4.03667288125566E-01 -5.74375098096283E-19  0.00000000000000E+00  5.37388356777669E-02  0.00000000000000E+00
     5.500000
  1.26870764581205E-01  9.65792738496956E-02  1.60117236009832E-01  4.16748107299610E-01  5.65235689695246E-19  0.00000000000000E+00  5.52772770352592E-02  0.00000000000000E+00
     5.600000
  1.30858054833904E-01  9.99998889883799E-02  1.64170291445143E-01  4.30136797070539E-01 -7.84333941417437E-19  0.00000000000000E+00  5.68595825194864E-02  0.00000000000000E+00
     5.700000
  1.34941211442894E-01  1.03480694309473E-01  1.68303860645859E-01  4.43850059041645E-01 -3.28260133515171E-19  0.00000000000000E+00  5.84881270997590E-02  0.00000000000000E+00
     5.800000
  1.39122254547017E-01  1.07028620114135E-01  1.72532478726589E-01  4.57894673483989E-01 -9.91772772175711E-19  0.00000000000000E+00  6.01651763206309E-02  0.00000000000000E+00
     5.900000
  1.43401821998467E-01  1.10658172602276E-01  1.76854091954056E-01  4.72272092682631E-01  2.54804132237217E-19  0.00000000000000E+00  6.18903494106481E-02  0.00000000000000E+00
     6.000000
  1.47782938855452E-01  1.14368984484368E-01  1.81257754342710E-01  4.86990389437248E-01 -1.36101782030839E-18  0.00000000000000E+00  6.36637504120849E-02  0.00000000000000E+00
     6.100000
  1.52268442636815E-01  1.18161357674995E-01  1.85755819930331E-01  5.02054492000478E-01  1.29563850761355E-18  0.00000000000000E+00  6.54871700851938E-02  0.00000000000000E+00
     6.200000
  1.56860174391718E-01  1.22049556425490E-01  1.90347838114298E-01  5.17468803886615E-01 -2.15391902787842E-18  0.00000000000000E+00  6.73608804131201E-02  0.00000000000000E+00
     6.300000
  1.61560603839645E-01  1.26046615689145E-01  1.95024122570969E-01  5.33243168210229E-01 -1.62803932257187E-19  0.00000000000000E+00  6.92851595653767E-02  0.00000000000000E+00
     6.400000
  1.66371700508032E-01  1.30165257826030E-01  1.99788590420415E-01  5.49385271735677E-01 -2.18751847289535E-18  0.00000000000000E+00  7.12607518811458E-02  0.00000000000000E+00
     6.500000
  1.71295781213214E-01  1.34415807302756E-01  2.04637605545336E-01  5.65902412518046E-01  2.40694775918932E-18  0.00000000000000E+00  7.32882395964205E-02  0.00000000000000E+00
     6.600000
  1.76335603070905E-01  1.38803351999883E-01  2.09579603116183E-01  5.82800460537133E-01 -1.05742159429859E-18  0.00000000000000E+00  7.53690381504734E-02  0.00000000000000E+00
     6.700000
  1.81493267569607E-01  1.43337868209961E-01  2.14625719710241E-01  6.00082209822233E-01  7.25350799071714E-19  0.00000000000000E+00  7.75040498845885E-02  0.00000000000000E+00
     6.800000
  1.86772462561706E-01  1.48022803110094E-01  2.19769225157185E-01  6.17758578826477E-01 -3.08855241031112E-18  0.00000000000000E+00  7.96940203516079E-02  0.00000000000000E+00
     6.900000
  1.92177792851590E-01  1.52855157861569E-01  2.25013412576205E-01  6.35845746196466E-01  5.97371017743493E-19  0.00000000000000E+00  8.19413238670272E-02  0.00000000000000E+00
     7.000000
  1.97712764577913E-01  1.57837317327612E-01  2.30366183525775E-01  6.54359243480727E-01 -6.94762317766231E-19  0.00000000000000E+00  8.42482460714409E-02  0.00000000000000E+00
     7.100000
  2.03380888338161E-01  1.62968583619472E-01  2.35829674017522E-01  6.73317666411589E-01 -2.34080844950100E-19  0.00000000000000E+00  8.66165267638306E-02  0.00000000000000E+00
     7.200000
  2.09185317194755E-01  1.68245045394103E-01  2.41414411474515E-01  6.92737501430754E-01 -9.02936165886746E-20  0.00000000000000E+00  8.90483970816903E-02  0.00000000000000E+00
     7.300000
  2.15128707109811E-01  1.73664240335817E-01  2.47131622751661E-01  7.12631712851236E-01 -1.69139363804312E-18  0.00000000000000E+00  9.15458001397692E-02  0.00000000000000E+00
     7.400000
  2.21213844084095E-01  1.79224630776444E-01  2.52991641428068E-01  7.33012228830656E-01 -2.78519753542739E-19  0.00000000000000E+00  9.41107214334662E-02  0.00000000000000E+00
     7.500000
  2.27442799336235E-01  1.84931269034556E-01  2.59010973319796E-01  7.53887644556559E-01 -2.18236270353234E-18  0.00000000000000E+00  9.67450978165552E-02  0.00000000000000E+00
     7.600000
  2.33817951627576E-01  1.90792235759985E-01  2.65196293952910E-01  7.75268681782526E-01  8.76050593811714E-19  0.00000000000000E+00  9.94499059713610E-02  0.00000000000000E+00
     7.700000
  2.40343171886337E-01  1.96810051620436E-01  2.71548409534635E-01  7.97171218647793E-01  1.81588689608009E-18  0.00000000000000E+00  1.02226531078358E-01  0.00000000000000E+00
     7.800000
  2.47022753931771E-01  2.02985875206711E-01  2.78077150108785E-01  8.19611032233487E-01  8.24554358382133E-19  0.00000000000000E+00  1.05076860464830E-01  0.00000000000000E+00
     7.900000
  2.53861545793952E-01  2.09320292127997E-01  2.84790972322677E-01  8.42604564667478E-01  3.82635389758852E-18  0.00000000000000E+00  1.08002523052214E-01  0.00000000000000E+00
     8.000000
  2.60865162803811E-01  2.15811267082212E-01  2.91702283504351E-01  8.66168724005013E-01  2.25218416448338E-18  0.00000000000000E+00  1.11005615206094E-01  0.00000000000000E+00
     8.100000
  2.68039227317653E-01  2.22460217975215E-01  2.98827465774000E-01  8.90319036385462E-01  1.57996786568380E-18  0.00000000000000E+00  1.14088419285548E-01  0.00000000000000E+00
     8.200000
  2.75389967557778E-01  2.29269917187634E-01  3.06176941173177E-01  9.15073446047913E-01 -2.55777565337811E-18  0.00000000000000E+00  1.17253234209901E-01  0.00000000000000E+00
     8.300000
  2.82924270787048E-01  2.36242828976895E-01  3.13763381179050E-01  9.40452135892167E-01 -3.68894025861727E-19  0.00000000000000E+00  1.20502839605284E-01  0.00000000000000E+00
     8.400000
  2.90649676092465E-01  2.43381579757565E-01  3.21598842929055E-01  9.66477479826440E-01  7.57590881239141E-19  0.00000000000000E+00  1.23839878214971E-01  0.00000000000000E+00
     8.500000
  2.98575244479345E-01  2.50683728308166E-01  3.29691978301085E-01  9.93176050979707E-01 -3.70609530576448E-19  0.00000000000000E+00  1.27267051994213E-01  0.00000000000000E+00
     8.600000
  3.06710785849872E-01  2.58145305908914E-01  3.38057238726885E-01  1.02057403706430E+00  1.67952598683637E-18  0.00000000000000E+00  1.30787756776663E-01  0.00000000000000E+00
     8.700000
  3.15066176733031E-01  2.65765708473181E-01  3.46710522185758E-01  1.04869538352635E+00  2.28801985347873E-18  0.00000000000000E+00  1.34405468075269E-01  0.00000000000000E+00
     8.800000
  3.23651740623612E-01  2.73545889193201E-01  3.55664749741880E-01  1.07756360651299E+00 -1.69512164294426E-19  0.00000000000000E+00  1.38123790310125E-01  0.00000000000000E+00
     8.900000
  3.32477984888994E-01  2.81489088924026E-01  3.64933741282847E-01  1.10720136692549E+00  3.02755820686273E-18  0.00000000000000E+00  1.41946580540218E-01  0.00000000000000E+00
     9.000000
  3.41555842744854E-01  2.89599421817269E-01  3.74527846883869E-01  1.13763267172177E+00  1.02301488848614E-18  0.00000000000000E+00  1.45877531359930E-01  0.00000000000000E+00
     9.100000
  3.50896957328627E-01  2.97879047197178E-01  3.84456018898591E-01  1.16888323852709E+00  1.87881309641472E-18  0.00000000000000E+00  1.49920641897607E-01  0.00000000000000E+00
     9.200000
  3.60513057425005E-01  3.06330940464497E-01  3.94729934942912E-01  1.20097781826114E+00  5.00537759711205E-19  0.00000000000000E+00  1.54080244316304E-01  0.00000000000000E+00
     9.300000
  3.70415906934828E-01  3.14959023195542E-01  4.05358410994312E-01  1.23394076380587E+00  5.42205969016639E-18  0.00000000000000E+00  1.58360800434334E-01  0.00000000000000E+00
     9.400000
  3.80616990951887E-01  3.23768001260182E-01  4.16350606962012E-01  1.26779546054338E+00 -8.24555673630653E-19  0.00000000000000E+00  1.62767418787558E-01  0.00000000000000E+00
     9.500000
  3.91126807877542E-01  3.32766564118480E-01  4.27716880945568E-01  1.30256430024866E+00 -1.57787525051824E-18  0.00000000000000E+00  1.67305589373245E-01  0.00000000000000E+00
     9.600000
  4.01955247602455E-01  3.41965228736537E-01  4.39463933487459E-01  1.33827265342045E+00  2.41865453965726E-18  0.00000000000000E+00  1.71980828182948E-01  0.00000000000000E+00
     9.700000
  4.13111807377121E-01  3.51374618825826E-01  4.51598459267895E-01  1.37495045168137E+00  1.54183904577406E-18  0.00000000000000E+00  1.76798883740970E-01  0.00000000000000E+00
     9.800000
  4.24605582753388E-01  3.61005986284580E-01  4.64126595440374E-01  1.41263280587349E+00  3.52123489366598E-18  0.00000000000000E+00  1.81765463752722E-01  0.00000000000000E+00
     9.900000
  4.36445597487961E-01  3.70869514704299E-01  4.77053199734950E-01  1.45136013499685E+00 -3.23564699730228E-18  0.00000000000000E+00  1.86886333450359E-01  0.00000000000000E+00
    10.000000
  4.48640414244018E-01  3.80976571458457E-01  4.90386734418966E-01  1.49117544366055E+00 -4.08836808179202E-18  0.00000000000000E+00  1.92167518186759E-01  0.00000000000000E+00
    10.100000
  4.61198020628394E-01  3.91341522668492E-01  5.04137237673826E-01  1.53212403605037E+00  3.31402963828968E-19  0.00000000000000E+00  1.97614821074132E-01  0.00000000000000E+00
    10.200000
  4.74126319037975E-01  4.01979980575601E-01  5.18315958869576E-01  1.57425427885569E+00 -5.07395974236832E-18  0.00000000000000E+00  2.03233810406738E-01  0.00000000000000E+00
    10.300000
  4.87433301181422E-01  4.12909471994492E-01  5.32937430380068E-01  1.61761688345815E+00  1.50548247859357E-18  0.00000000000000E+00  2.09029769070053E-01  0.00000000000000E+00
    10.400000
  5.01127710221789E-01  4.24148081789356E-01  5.48015787665677E-01  1.66226542095454E+00 -1.59893239016748E-18  0.00000000000000E+00  2.15007418772737E-01  0.00000000000000E+00
    10.500000
  5.15219591924470E-01  4.35712152404993E-01  5.63566435112031E-01  1.70825520314038E+00 -1.15104274657367E-18  0.00000000000000E+00  2.21171356269238E-01  0.00000000000000E+00
    10.600000
  5.29720080051605E-01  4.47617614903114E-01  5.79608384928303E-01  1.75564105816064E+00  8.00109742599434E-19  0.00000000000000E+00  2.27526245486151E-01  0.00000000000000E+00
    10.700000
  5.44641386139359E-01  4.59879888745470E-01  5.96162442023245E-01  1.80447686344608E+00  2.22006297560878E-19  0.00000000000000E+00  2.34076821245913E-01  0.00000000000000E+00
    10.800000
  5.59996582816313E-01  4.72514575959081E-01  6.13253257643916E-01  1.85481484409225E+00  9.60879562252155E-18  0.00000000000000E+00  2.40828115061396E-01  0.00000000000000E+00
    10.900000
  5.75799454676009E-01  4.85538846537550E-01  6.30907335641118E-01  1.90670619533115E+00  3.73874947025246E-19  0.00000000000000E+00  2.47785139749527E-01  0.00000000000000E+00
    11.000000
  5.92065005623310E-01  4.98968966845909E-01  6.49150002262963E-01  1.96020269234650E+00  9.52997502004654E-18  0.00000000000000E+00  2.54952850014516E-01  0.00000000000000E+00
    11.100000
  6.08809556899151E-01  5.12819474555621E-01  6.68007407482235E-01  2.01535634115826E+00  1.48337512252366E-18  0.00000000000000E+00  2.62336482079335E-01  0.00000000000000E+00
    11.200000
  6.26050622875284E-01  5.27103528981445E-01  6.87505554589333E-01  2.07221895361740E+00 -7.94444440638599E-18  0.00000000000000E+00  2.69941551777212E-01  0.00000000000000E+00
    11.300000
  6.43806742297465E-01  5.41832512836885E-01  7.07671049287214E-01  2.13084179876922E+00 -2.47224444897878E-18  0.00000000000000E+00  2.77774121352829E-01  0.00000000000000E+00
    11.400000
  6.62096854543668E-01  5.57018312083601E-01  7.28532800980831E-01  2.19127519155818E+00  2.16952986506421E-18  0.00000000000000E+00  2.85840854053844E-01  0.00000000000000E+00
    11.500000
  6.80940117479237E-01  5.72674100789976E-01  7.50119018029428E-01  2.25356982172525E+00  5.77363708754923E-18  0.00000000000000E+00  2.94148682079035E-01  0.00000000000000E+00
    11.600000
  7.00356049276568E-01  5.88813420543085E-01  7.72456565774248E-01  2.31777818542279E+00 -1.45713641827839E-18  0.00000000000000E+00  3.02704826868927E-01  0.00000000000000E+00
    11.700000
  7.20364561967235E-01  6.05450166424176E-01  7.95570526705123E-01  2.38395541958669E+00  2.49364796865098E-18  0.00000000000000E+00  3.11516694171872E-01  0.00000000000000E+00
    11.800000
  7.40986212772873E-01  6.22596917561161E-01  8.19482919649015E-01  2.45216016506402E+00  5.42934970973888E-18  0.00000000000000E+00  3.20591877960649E-01  0.00000000000000E+00
    11.900000
  7.62242059040963E-01  6.40264734441400E-01  8.44215181270645E-01  2.52245424200288E+00  9.22455078990018E-18  0.00000000000000E+00  3.29938432273347E-01  0.00000000000000E+00
    12.000000
  7.84153243112883E-01  6.58464957200935E-01  8.69788498819623E-01  2.59490208539576E+00 -8.26194829451690E-18  0.00000000000000E+00  3.39564717450772E-01  0.00000000000000E+00
    12.100000
  8.06740897396411E-01  6.77209510362317E-01  8.96222859070625E-01  2.66957083835506E+00 -1.91932050274256E-17  0.00000000000000E+00  3.49479239818155E-01  0.00000000000000E+00
    12.200000
  8.30026087192656E-01  6.96511446987667E-01  9.23537406086329E-01  2.74653018477238E+00  5.33553775931144E-19  0.00000000000000E+00  3.59690550924755E-01  0.00000000000000E+00
    12.300000
  8.54030034274652E-01  7.16384496550351E-01  9.51748715520207E-01  2.82585244996890E+00  1.94845846198726E-17  0.00000000000000E+00  3.70207046795698E-01  0.00000000000000E+00
    12.400000
  8.78774442233610E-01  7.36841524031102E-01  9.80871165858651E-01  2.90761250713520E+00  1.41606454667561E-18  0.00000000000000E+00  3.81037121782960E-01  0.00000000000000E+00
    12.500000
  9.04281409975592E-01  7.57894961320883E-01  1.01091872168981E+00  2.99188680882721E+00  4.96210927611157E-18  0.00000000000000E+00  3.92189310936702E-01  0.00000000000000E+00
    12.600000
  9.30573301507015E-01  7.79557380498718E-01  1.04190492387265E+00  3.07875262307579E+00  2.47530510271819E-18  0.00000000000000E+00  4.03672273603928E-01  0.00000000000000E+00
    12.700000
  9.57672581745734E-01  8.01842205771137E-01  1.07384387014619E+00  3.16828733548724E+00 -8.15857983289014E-18  0.00000000000000E+00  4.15494856473861E-01  0.00000000000000E+00
    12.800000
  9.85601675695157E-01  8.24764901748932E-01  1.10674998706680E+00  3.26056791406283E+00  1.22703925890954E-17  0.00000000000000E+00  4.27665962000434E-01  0.00000000000000E+00
    12.900000
  1.01438316293580E+00  8.48342524852273E-01  1.14063686960757E+00  3.35567115268699E+00 -1.27956996567566E-18  0.00000000000000E+00  4.40194466581188E-01  0.00000000000000E+00
    13.000000
  1.04403996159701E+00  8.72593120833661E-01  1.17551789487340E+00  3.45367385011194E+00  5.48355950135170E-18  0.00000000000000E+00  4.53089345305565E-01  0.00000000000000E+00
    13.100000
  1.07459540532589E+00  8.97535578360531E-01  1.21140642408019E+00  3.55465283386827E+00 -6.59573350228229E-19  0.00000000000000E+00  4.66359732934939E-01  0.00000000000000E+00
    13.200000
  1.10607327048439E+00  9.23189368685320E-01  1.24831640116127E+00  3.65868498141253E+00  6.27226019447675E-18  0.00000000000000E+00  4.80015054290982E-01  0.00000000000000E+00
    13.300000
  1.13849760369712E+00  9.49575330789719E-01  1.28626355107716E+00  3.76584688375120E+00  3.87577332212218E-19  0.00000000000000E+00  4.94065089413026E-01  0.00000000000000E+00
    13.400000
  1.17189263443509E+00  9.76716376584467E-01  1.32526490639609E+00  3.87621485983626E+00 -4.56532628629162E-18  0.00000000000000E+00  5.08519871944864E-01  0.00000000000000E+00
    13.500000
  1.20628287033244E+00  1.00463730842511E+00  1.36533844570309E+00  3.98986545087070E+00  1.35158850500432E-17  0.00000000000000E+00  5.23389686274914E-01  0.00000000000000E+00
    13.600000
  1.24169320473424E+00  1.03336465549338E+00  1.40650307223156E+00  4.10687592157029E+00  1.16575172105939E-17  0.00000000000000E+00  5.38685084771500E-01  0.00000000000000E+00
    13.700000
  1.27814908121663E+00  1.06292606211395E+00  1.44877825288913E+00  4.22732494372153E+00  1.67810125387080E-18  0.00000000000000E+00  5.54416928716199E-01  0.00000000000000E+00
    13.800000
  1.31567655767912E+00  1.09334987107314E+00  1.49218479616579E+00  4.35129307727984E+00 -1.99122228994043E-17  0.00000000000000E+00  5.70596511931469E-01  0.00000000000000E+00
    13.900000
  1.35430222955428E+00  1.12466550844296E+00  1.53674537621325E+00  4.47886293710187E+00 -1.83977704485788E-17  0.00000000000000E+00  5.87235577486695E-01  0.00000000000000E+00
    14.000000
  1.39405320806693E+00  1.15690365060398E+00  1.58248438720887E+00  4.61011949983172E+00  3.14123197631883E-18  0.00000000000000E+00  6.04346287148033E-01  0.00000000000000E+00
    14.100000
  1.43495713058750E+00  1.19009635363180E+00  1.62942810568680E+00  4.74515038443069E+00  1.45513218957507E-17  0.00000000000000E+00  6.21941205447673E-01  0.00000000000000E+00
    14.200000
  1.47704225247645E+00  1.22427697810006E+00  1.67760422230407E+00  4.88404624640238E+00  3.03389726416638E-18  0.00000000000000E+00  6.40033248486932E-01  0.00000000000000E+00
    14.300000
  1.52033762757771E+00  1.25947956738152E+00  1.72704160264783E+00  5.02690134709406E+00 -3.87708320620652E-18  0.00000000000000E+00  6.58635712118299E-01  0.00000000000000E+00
    14.400000
  1.56487320693344E+00  1.29573854026762E+00  1.77777074042397E+00  5.17381386016893E+00 -1.23350365256240E-17  0.00000000000000E+00  6.77762341918686E-01  0.00000000000000E+00
    14.500000
  1.61067988090902E+00  1.33308862630957E+00  1.82982393172408E+00  5.32488602676277E+00 -4.69316311982656E-19  0.00000000000000E+00  6.97427358961285E-01  0.00000000000000E+00
    14.600000
  1.65778949904247E+00  1.37156488942397E+00  1.88323557940641E+00  5.48022423686958E+00 -6.16301422588994E-18  0.00000000000000E+00  7.17645490773919E-01  0.00000000000000E+00
    14.700000
  1.70623487361513E+00  1.41120299237799E+00  1.93804231426232E+00  5.63993902655072E+00  2.26381825606138E-18  0.00000000000000E+00  7.38431959001719E-01  0.00000000000000E+00
    14.800000
  1.75604986689564E+00  1.45203916492417E+00  1.99428260086466E+00  5.80414528016861E+00 -1.51274942376616E-17  0.00000000000000E+00  7.59802450501408E-01  0.00000000000000E+00
    14.900000
  1.80726952152211E+00  1.49410993418922E+00  2.05199664813486E+00  5.97296251872459E+00 -3.97621177103608E-18  0.00000000000000E+00  7.81773148824761E-01  0.00000000000000E+00
    15.000000
  1.85993016796803E+00  1.53745196327559E+00  2.11122644069425E+00  6.14651511298037E+00  2.76981345832653E-17  0.00000000000000E+00  8.04360769053040E-01  0.00000000000000E+00
    15.100000
  1.91406951971141E+00  1.58210188123470E+00  2.17201575509631E+00  6.32493248159952E+00  7.66749319318300E-18  0.00000000000000E+00  8.27582601877279E-01  0.00000000000000E+00
    15.200000
  1.96972671294770E+00  1.62809633005072E+00  2.23441050326891E+00  6.50834912938315E+00 -3.63093249649983E-17  0.00000000000000E+00  8.51456561258759E-01  0.00000000000000E+00
    15.300000
  2.02694232252415E+00  1.67547221695741E+00  2.29845880137822E+00  6.69690461008081E+00  2.15116058329415E-17  0.00000000000000E+00  8.76001187251210E-01  0.00000000000000E+00
    15.400000
  2.08575841752714E+00  1.72426682194107E+00  2.36421082192012E+00  6.89074360099034E+00  5.30341481386310E-17  0.00000000000000E+00  9.01235650587827E-01  0.00000000000000E+00
    15.500000
  2.14621863138370E+00  1.77451788526935E+00  2.43171875153115E+00  7.09001601908970E+00  1.13885238173063E-17  0.00000000000000E+00  9.27179769359534E-01  0.00000000000000E+00
    15.600000
  2.20836825139732E+00  1.82626361076996E+00  2.50103659513201E+00  7.29487722281720E+00  1.14611746949955E-18  0.00000000000000E+00  9.53854027222491E-01  0.00000000000000E+00
    15.700000
  2.27225430687475E+00  1.87954258206512E+00  2.57222020664646E+00  7.50548824003409E+00 -3.07494508559585E-18  0.00000000000000E+00  9.81279618770110E-01  0.00000000000000E+00
    15.800000
  2.33792561219185E+00  1.93439387452730E+00  2.64532749013539E+00  7.72201587711877E+00 -2.63678547337070E-17  0.00000000000000E+00  1.00947848893803E+00  0.00000000000000E+00
    15.900000
  2.40543279804731E+00  1.99085722743691E+00  2.72041843610952E+00  7.94463280687294E+00 -7.64688080298633E-18  0.00000000000000E+00  1.03847334918046E+00  0.00000000000000E+00
    16.000000
  2.47482834376580E+00  2.04897321736218E+00  2.79755519221893E+00  8.17351765402746E+00  8.06292595856855E-18  0.00000000000000E+00  1.06828769430778E+00  0.00000000000000E+00
    16.100000
  2.54616661506231E+00  2.10878344717902E+00  2.87680203875095E+00  8.40885508934633E+00 -5.62776152164502E-18  0.00000000000000E+00  1.09894581075055E+00  0.00000000000000E+00
    16.200000
  2.61950392825756E+00  2.17033060338488E+00  2.95822527100837E+00  8.65083601353751E+00  1.47029837522651E-17  0.00000000000000E+00  1.13047279129153E+00  0.00000000000000E+00
    16.300000
  2.69489861206127E+00  2.23365848269199E+00  3.04189324828333E+00  8.89965774561950E+00  1.40647604714199E-17  0.00000000000000E+00  1.16289456819915E+00  0.00000000000000E+00
    16.400000
  2.77241105049486E+00  2.29881207435437E+00  3.12787648596203E+00  9.15552417108876E+00 -3.42799560847943E-18  0.00000000000000E+00  1.19623793932801E+00  0.00000000000000E+00
    16.500000
  2.85210371560359E+00  2.36583765534079E+00  3.21624775403181E+00  9.41864586888055E+00 -1.70666822430165E-17  0.00000000000000E+00  1.23053059199193E+00  0.00000000000000E+00
    16.600000
  2.93404118377798E+00  2.43478296312612E+00  3.30708223355327E+00  9.68924018123506E+00  2.66677377275301E-18  0.00000000000000E+00  1.26580112171295E+00  0.00000000000000E+00
    16.700000
  3.01829015453602E+00  2.50569739223379E+00  3.40045754255710E+00  9.96753128843782E+00 -8.08553005506626E-18  0.00000000000000E+00  1.30207903651864E+00  0.00000000000000E+00
    16.800000
  3.10491948655669E+00  2.57863210718487E+00  3.49645371905697E+00  1.02537503359877E+01  9.05139716460818E-17  0.00000000000000E+00  1.33939476684898E+00  0.00000000000000E+00
    16.900000
  3.19400023712737E+00  2.65364013214186E+00  3.59515326882085E+00  1.05481355695608E+01 -6.85114512185601E-19  0.00000000000000E+00  1.37777968052267E+00  0.00000000000000E+00
    17.000000
  3.28560570487745E+00  2.73077641512421E+00  3.69664118920918E+00  1.08509324840247E+01  9.60332616928135E-20  0.00000000000000E+00  1.41726609787497E+00  0.00000000000000E+00
    17.100000
  3.37981146797319E+00  2.81009788782228E+00  3.80100508296142E+00  1.11623939569921E+01  3.44715841532215E-17  0.00000000000000E+00  1.45788731205093E+00  0.00000000000000E+00
    17.200000
  3.47669540986588E+00  2.89166359399088E+00  3.90833530043665E+00  1.14827803367064E+01  4.85225669382990E-17  0.00000000000000E+00  1.49967760308707E+00  0.00000000000000E+00
    17.300000
  3.57633774916096E+00  2.97553481422838E+00  4.01872500465192E+00  1.18123595377233E+01  1.74838477945742E-17  0.00000000000000E+00  1.54267224642394E+00  0.00000000000000E+00
    17.400000
  3.67882107694557E+00  3.06177517331500E+00  4.13227024724678E+00  1.21514071514351E+01  4.04594745166727E-17  0.00000000000000E+00  1.58690752485517E+00  0.00000000000000E+00
    17.500000
  3.78423040187916E+00  3.15045073599573E+00  4.24907001320062E+00  1.25002065796634E+01  2.75370483451470E-17  0.00000000000000E+00  1.63242074007947E+00  0.00000000000000E+00
    17.600000
  3.89265320753420E+00  3.24163004604496E+00  4.36922626095858E+00  1.28590492123575E+01 -1.89966128046057E-17  0.00000000000000E+00  1.67925022844342E+00  0.00000000000000E+00
    17.700000
  4.00417951116635E+00  3.33538415913887E+00  4.49284403066864E+00  1.32282346100131E+01 -4.39368348785424E-18  0.00000000000000E+00  1.72743538259480E+00  0.00000000000000E+00
    17.800000
  4.11890192161145E+00  3.43178669323676E+00  4.62003155486202E+00  1.36080706833765E+01 -7.69753244863109E-17  0.00000000000000E+00  1.77701667094538E+00  0.00000000000000E+00
    17.900000
  4.23691570046359E+00  3.53091387908868E+00  4.75090036728943E+00  1.39988738812774E+01  1.23053236472605E-17  0.00000000000000E+00  1.82803565803547E+00  0.00000000000000E+00
    18.000000
  4.35831882522218E+00  3.63284462500545E+00  4.88556542072608E+00  1.44009693794236E+01  3.81081120473108E-18  0.00000000000000E+00  1.88053502567633E+00  0.00000000000000E+00
    18.100000
  4.48321206101321E+00  3.73766056888326E+00  5.02414516440474E+00  1.48146912963004E+01  3.72294918109178E-17  0.00000000000000E+00  1.93455859303545E+00  0.00000000000000E+00
    18.200000
  4.61169904275561E+00  3.84544609845139E+00  5.16676162447175E+00  1.52403829426950E+01  2.01844687117074E-17  0.00000000000000E+00  1.99015134193226E+00  0.00000000000000E+00
    18.300000
  4.74388636130734E+00  3.95628837139099E+00  5.31354051749815E+00  1.56783970831941E+01 -3.04161191049482E-17  0.00000000000000E+00  2.04735944478480E+00  0.00000000000000E+00
    18.400000
  4.87988365393909E+00  4.07027733635837E+00  5.46461135822977E+00  1.61290962107490E+01 -7.00583232260783E-18  0.00000000000000E+00  2.10623029294652E+00  0.00000000000000E+00
    18.500000
  5.01980369783853E+00  4.18750575980969E+00  5.62010758744424E+00  1.65928528228001E+01  2.79023878945467E-17  0.00000000000000E+00  2.16681252753974E+00  0.00000000000000E+00
    18.600000
  5.16376250569152E+00  4.30806927634879E+00  5.78016669458726E+00  1.70700496901978E+01  4.08928852441530E-17  0.00000000000000E+00  2.22915606953673E+00  0.00000000000000E+00
    18.700000
  5.31187942874149E+00  4.43206643481662E+00  5.94493030853196E+00  1.75610801350535E+01 -1.03864067367009E-17  0.00000000000000E+00  2.29331215041850E+00  0.00000000000000E+00
    18.800000
  5.46427726668098E+00  4.55959873892972E+00  6.11454429666073E+00  1.80663483131405E+01  3.09298779372296E-17  0.00000000000000E+00  2.35933334611655E+00  0.00000000000000E+00
    18.900000
  5.62108238322945E+00  4.69077069124450E+00  6.28915885037986E+00  1.85862694992882E+01  1.07061823534220E-17  0.00000000000000E+00  2.42727361261457E+00  0.00000000000000E+00
    19.000000
  5.78242482790425E+00  4.82568982942872E+00  6.46892856123177E+00  1.91212703776131E+01 -3.93913361853755E-17  0.00000000000000E+00  2.49718832498590E+00  0.00000000000000E+00
    19.100000
  5.94843845916881E+00  4.96446677568779E+00  6.65401250649096E+00  1.96717893177563E+01  4.62779739911368E-17  0.00000000000000E+00  2.56913432045061E+00  0.00000000000000E+00
    19.200000
  6.11926106799032E+00  5.10721530141788E+00  6.84457431239965E+00  2.02382766369442E+01 -2.75049681960750E-17  0.00000000000000E+00  2.64316994343872E+00  0.00000000000000E+00
    19.300000
  6.29503450230518E+00  5.25405239716498E+00  7.04078219714240E+00  2.08211948553006E+01  6.63979161291425E-20  0.00000000000000E+00  2.71935509455621E+00  0.00000000000000E+00
    19.400000
  6.47590478983855E+00  5.40509835474754E+00  7.24280899504232E+00  2.14210189468165E+01 -4.18541104159917E-19  0.00000000000000E+00  2.79775128400645E+00  0.00000000000000E+00
    19.500000
  6.66202225921538E+00  5.56047685133395E+00  7.45083214793219E+00  2.20382366016659E+01  3.36593797037940E-18  0.00000000000000E+00  2.87842168907618E+00  0.00000000000000E+00
    19.600000
  6.85354165752777E+00  5.72031503091949E+00  7.66503367824022E+00  2.26733485081770E+01  2.96882443388969E-17  0.00000000000000E+00  2.96143121781469E+00  0.00000000000000E+00
    19.700000
  7.05062226064367E+00  5.88474359226647E+00  7.88560014984276E+00  2.33268686582785E+01  1.42808456097991E-16  0.00000000000000E+00  3.04684657756275E+00  0.00000000000000E+00
    19.800000
  7.25342797524091E+00  6.05389688135979E+00  8.11272260531034E+00  2.39993246910228E+01 -4.38864407001955E-17  0.00000000000000E+00  3.13473634742665E+00  0.00000000000000E+00
    19.900000
  7.46212743085559E+00  6.22791298838537E+00  8.34659649656361E+00  2.46912582825526E+01  5.28660011228811E-17  0.00000000000000E+00  3.22517105516501E+00  0.00000000000000E+00
    20.000000
  7.67689406106185E+00  6.40693385466979E+00  8.58742160966617E+00  2.54032255922289E+01  1.86468138839385E-17  0.00000000000000E+00  3.31822325615240E+00  0.00000000000000E+00
