    19.000000
  6.50528199956882E+13  3.30742033255948E+13  4.59519649200885E+13  2.17240033608086E+14  3.78836639676253E-04  0.00000000000000E+00  2.50154138356882E+13  0.00000000000000E+00
    19.100000
  6.87089326498630E+13  3.55313493721630E+13  5.37297713952864E+13  2.33947001230520E+14  5.16487216255561E-04  0.00000000000000E+00  2.74580029793990E+13  0.00000000000000E+00
    19.200000
  7.28849836577046E+13  3.83191768025939E+13  6.22018140288044E+13  2.52359689946156E+14 -3.32647775049135E-04  0.00000000000000E+00  3.00345250647546E+13  0.00000000000000E+00
    19.300000
  7.75776987659878E+13  4.14509649911036E+13  7.11064189925032E+13  2.72514489720674E+14 -1.32308754694156E-03  0.00000000000000E+00  3.27554306133934E+13  0.00000000000000E+00
    19.400000
  8.27969725061791E+13  4.49342320886019E+13  8.02783765824024E+13  2.94485012882939E+14 -1.10366308794805E-03  0.00000000000000E+00  3.56352116088164E+13  0.00000000000000E+00
    19.500000
  8.85616624300126E+13  4.87569887514987E+13  8.96772150028022E+13  3.18367243044653E+14 -5.86392412024189E-04  0.00000000000000E+00  3.86925262544078E+13  0.00000000000000E+00
    19.600000
  9.48961577340145E+13  5.28900282084822E+13  9.93616788166791E+13  3.44266629788128E+14 -8.51619765645760E-04  0.00000000000000E+00  4.19485862153878E+13  0.00000000000000E+00
    19.700000
  1.01828293297697E+14  5.72993216968083E+13  1.09454210965516E+14  3.72292834174001E+14  8.21266978340489E-05  0.00000000000000E+00  4.54255387257204E+13  0.00000000000000E+00
    19.800000
  1.09388940771312E+14  6.19574224427104E+13  1.20098846680047E+14  4.02561562079145E+14 -6.50023713481614E-04  0.00000000000000E+00  4.91455672643581E+13  0.00000000000000E+00
    19.900000
  1.17612730875011E+14  6.68487050785323E+13  1.31429121846399E+14  4.35199434543056E+14  4.19970228813703E-04  0.00000000000000E+00  5.31310604358541E+13  0.00000000000000E+00
    20.000000
  1.26538906344168E+14  7.19714826201860E+13  1.43553309216491E+14  4.70347805982015E+14 -1.73147732357911E-04  0.00000000000000E+00  5.74050010685080E+13  0.00000000000000E+00
