     0.000000
  5.89499015649218E-02  5.18154555723678E-09  8.69198159308351E-08  9.47288773289196E-02  0.00000000000000E+00  0.00000000000000E+00  0.00000000000000E+00  0.00000000000000E+00
     0.100000
  5.65158545518032E-02  3.18612427450486E-03  7.12487835063509E-03  9.04916957628494E-02 -1.79112502871646E-19  0.00000000000000E+00  3.20309487146259E-03  0.00000000000000E+00
     0.200000
  5.27754022603629E-02  1.04342207008970E-02  1.98715259292050E-02  8.46544573989031E-02 -4.38347179133414E-19  0.00000000000000E+00  5.60339655323093E-03  0.00000000000000E+00
     0.300000
  4.90844492046554E-02  1.82564914787153E-02  3.26532938286277E-02  8.01224648205004E-02 -2.08830445236384E-19  0.00000000000000E+00  7.36565479110197E-03  0.00000000000000E+00
     0.400000
  4.61700659968425E-02  2.46730748169575E-02  4.34941676327918E-02  7.84943871368311E-02 -2.60985839092848E-19  0.00000000000000E+00  8.76642744640858E-03  0.00000000000000E+00
     0.500000
  4.44413963083293E-02  2.80643602790568E-02  5.13433701952496E-02  8.08861340247908E-02 -5.36663950374014E-19  0.00000000000000E+00  9.95370327118131E-03  0.00000000000000E+00
     0.600000
  4.37279813761542E-02  2.89608805388083E-02  5.73970304815525E-02  8.69589392717757E-02 -2.86927308653915E-19  0.00000000000000E+00  1.11727278908285E-02  0.00000000000000E+00
     0.700000
  4.36297314668522E-02  2.91574792678625E-02  6.10673143874320E-02  9.57724066561998E-02 -1.61429784533915E-19  0.00000000000000E+00  1.25254210175003E-02  0.00000000000000E+00
     0.800000
  4.37070558994614E-02  3.09638787687891E-02  6.34432763709693E-02  1.05948471994958E-01 -5.10794861621005E-20  0.00000000000000E+00  1.39948649461131E-02  0.00000000000000E+00
     0.900000
  4.37283291318719E-02  3.48063534348660E-02  6.73958500469667E-02  1.16501200684501E-01  5.36131515435455E-20  0.00000000000000E+00  1.54727160043731E-02  0.00000000000000E+00
     1.000000
  4.40268722262455E-02  3.82643366772094E-02  7.34578338952499E-02  1.28039026479782E-01 -2.24977353801429E-19  0.00000000000000E+00  1.67823089268690E-02  0.00000000000000E+00
