     0.000000
  5.89524476589157E-02  1.29538638930883E-09  3.28202576439941E-08  9.47329687458552E-02  0.00000000000000E+00  0.00000000000000E+00  0.00000000000000E+00  0.00000000000000E+00
     0.100000
  5.73309179204325E-02  8.68983827268515E-04  7.87716057308276E-03  9.15815108120975E-02 -2.20196020502737E-20  0.00000000000000E+00  3.33537393471759E-03  0.00000000000000E+00
     0.200000
  5.52340821029211E-02  3.21611276844014E-03  2.45761943521880E-02  8.74454190504477E-02  4.88018825725134E-21  0.00000000000000E+00  6.27737059097601E-03  0.00000000000000E+00
     0.300000
  5.33324579810922E-02  6.45448118974881E-03  4.02085925856176E-02  8.45087650335856E-02  9.76760685642692E-20  0.00000000000000E+00  8.76351295093993E-03  0.00000000000000E+00
     0.400000
  5.21396839552287E-02  9.95290574953789E-03  5.10173662655809E-02  8.43915786382852E-02  4.21629941740107E-19  0.00000000000000E+00  1.09430814288659E-02  0.00000000000000E+00
     0.500000
  5.18761926842061E-02  1.33094719130894E-02  5.76728605810697E-02  8.78514695872044E-02  5.37436233002454E-19  0.00000000000000E+00  1.30359630216460E-02  0.00000000000000E+00
     0.600000
  5.25515108617119E-02  1.64184627287437E-02  6.20952625488988E-02  9.50473665478129E-02  7.55483984195023E-19  0.00000000000000E+00  1.52094996939063E-02  0.00000000000000E+00
     0.700000
  5.40735807934408E-02  1.93791843900287E-02  6.59699699087659E-02  1.05816116187262E-01  9.38585966860967E-19  0.00000000000000E+00  1.75487178085461E-02  0.00000000000000E+00
     0.800000
  5.63249227809661E-02  2.23802477432264E-02  7.04390153657426E-02  1.19858241562799E-01  2.53301108554982E-19  0.00000000000000E+00  2.00793328666857E-02  0.00000000000000E+00
     0.900000
  5.92235395715328E-02  2.55440672115800E-02  7.54053806959842E-02  1.36928693776829E-01 -1.10267189055822E-19  0.00000000000000E+00  2.28024082241536E-02  0.00000000000000E+00
     1.000000
  6.27040620143269E-02  2.89787505796438E-02  8.14396600665271E-02  1.56782799522527E-01  1.81696728244722E-19  0.00000000000000E+00  2.56794626389628E-02  0.00000000000000E+00
     1.100000
  6.67125965775968E-02  3.28130498202133E-02  8.92207670204297E-02  1.79147667059403E-01 -4.02477771983831E-21  0.00000000000000E+00  2.87053894090308E-02  0.00000000000000E+00
     1.200000
  7.12720190904644E-02  3.69443626545410E-02  9.76391450184384E-02  2.03990504875277E-01  1.44946676003199E-18  0.00000000000000E+00  3.19042693865116E-02  0.00000000000000E+00
     1.300000
  7.64295503051902E-02  4.12144204740956E-02  1.05944789238245E-01  2.31385935748828E-01 -9.96232612512555E-20  0.00000000000000E+00  3.52784750820188E-02  0.00000000000000E+00
     1.400000
  8.21882775871769E-02  4.56337286361450E-02  1.14956456965596E-01  2.61251783032355E-01  6.65249807317474E-19  0.00000000000000E+00  3.88079524477990E-02  0.00000000000000E+00
     1.500000
  8.85519722621191E-02  5.02128137880140E-02  1.25341650443920E-01  2.93483318276992E-01  5.60644049231155E-20  0.00000000000000E+00  4.24745725661945E-02  0.00000000000000E+00
     1.600000
  9.55655807685445E-02  5.48475851425359E-02  1.36577014137669E-01  3.28126639889582E-01  6.19759106190846E-19  0.00000000000000E+00  4.63066380404244E-02  0.00000000000000E+00
     1.700000
  1.03271735200493E-01  5.94944963569458E-02  1.48029232890236E-01  3.65254305686582E-01  1.59460314488714E-19  0.00000000000000E+00  5.03625491552239E-02  0.00000000000000E+00
     1.800000
  1.11677017054137E-01  6.42756626702680E-02  1.59699028606951E-01  4.04826821822558E-01 -2.47525345132216E-20  0.00000000000000E+00  5.46844613098572E-02  0.00000000000000E+00
     1.900000
  1.20788813250235E-01  6.93012929982345E-02  1.71886788624373E-01  4.46796930338322E-01  4.83184877860812E-19  0.00000000000000E+00  5.92765384182192E-02  0.00000000000000E+00
     2.000000
  1.30644350799254E-01  7.45801530478332E-02  1.85044341467122E-01  4.91211248219497E-01 -3.55692248029679E-19  0.00000000000000E+00  6.41263709084209E-02  0.00000000000000E+00
     2.100000
  1.41308524931245E-01  8.00357616716233E-02  1.99292801937507E-01  5.38223799723622E-01  7.66641969191642E-20  0.00000000000000E+00  6.92453043270440E-02  0.00000000000000E+00
     2.200000
  1.52858878323057E-01  8.55790228868612E-02  2.14314294613846E-01  5.88065824698130E-01 -2.42922011467207E-18  0.00000000000000E+00  7.46677862238981E-02  0.00000000000000E+00
     2.300000
  1.65364214827400E-01  9.12243468965646E-02  2.29776658130204E-01  6.40973322360254E-01  2.00821279883445E-18  0.00000000000000E+00  8.04349665283194E-02  0.00000000000000E+00
     2.400000
  1.78875609700672E-01  9.70851295882959E-02  2.45660793525532E-01  6.97140097673192E-01  1.04244915339068E-18  0.00000000000000E+00  8.65876942172528E-02  0.00000000000000E+00
     2.500000
  1.93439756290580E-01  1.03258977511637E-01  2.62130700123591E-01  7.56746237455555E-01  1.86118190197456E-18  0.00000000000000E+00  9.31636926993615E-02  0.00000000000000E+00
     2.600000
  2.09108469040239E-01  1.09775869432302E-01  2.79349428058842E-01  8.19989313802974E-01 -6.31642611501714E-19  0.00000000000000E+00  1.00200350639771E-01  0.00000000000000E+00
     2.700000
  2.25932649526350E-01  1.16713909737193E-01  2.97629997104744E-01  8.87072213295007E-01 -7.78943301615522E-19  0.00000000000000E+00  1.07737908529124E-01  0.00000000000000E+00
     2.800000
  2.43967014409969E-01  1.24224569322206E-01  3.17272228084734E-01  9.58223486232381E-01  3.63039793707235E-19  0.00000000000000E+00  1.15814913405829E-01  0.00000000000000E+00
     2.900000
  2.63281463169986E-01  1.32472817005193E-01  3.38494461997453E-01  1.03373742638898E+00  1.07673394010667E-19  0.00000000000000E+00  1.24470699179098E-01  0.00000000000000E+00
     3.000000
  2.83964957896545E-01  1.41658729023206E-01  3.61391686228778E-01  1.11398911782149E+00 -3.01583214827664E-18  0.00000000000000E+00  1.33754067449062E-01  0.00000000000000E+00
     3.100000
  3.06126099863479E-01  1.51996806120251E-01  3.85831002973335E-01  1.19944017027168E+00  1.13384879447431E-18  0.00000000000000E+00  1.43718232727250E-01  0.00000000000000E+00
     3.200000
  3.29893587700745E-01  1.63622785597377E-01  4.11666229927524E-01  1.29063307541459E+00 -2.52728180019935E-18  0.00000000000000E+00  1.54417235282708E-01  0.00000000000000E+00
     3.300000
  3.55414233430268E-01  1.76547249604420E-01  4.38993192804505E-01  1.38816885194231E+00 -6.29376961475657E-18  0.00000000000000E+00  1.65912226467681E-01  0.00000000000000E+00
     3.400000
  3.82844133578314E-01  1.90713503286170E-01  4.68177904503151E-01  1.49267189392720E+00  2.03070337134569E-18  0.00000000000000E+00  1.78277340805266E-01  0.00000000000000E+00
     3.500000
  4.12342434581408E-01  2.06076714653687E-01  4.99580253397587E-01  1.60477551833972E+00  2.41215668058465E-19  0.00000000000000E+00  1.91596174475492E-01  0.00000000000000E+00
     3.600000
  4.44070124692872E-01  2.22622769407541E-01  5.33430148172682E-01  1.72512364572728E+00 -8.84549834643456E-19  0.00000000000000E+00  2.05952285675654E-01  0.00000000000000E+00
     3.700000
  4.78191615459613E-01  2.40368747184894E-01  5.69895397764686E-01  1.85438277214868E+00 -5.19090450252943E-18  0.00000000000000E+00  2.21430783091886E-01  0.00000000000000E+00
     3.800000
  5.14878199159093E-01  2.59343946120271E-01  6.09233667498107E-01  1.99325220097142E+00  1.03890914246970E-18  0.00000000000000E+00  2.38125562618053E-01  0.00000000000000E+00
     3.900000
  5.54306168602375E-01  2.79592800303217E-01  6.52032114797754E-01  2.14245292452987E+00  3.74135532622080E-18  0.00000000000000E+00  2.56139808241474E-01  0.00000000000000E+00
     4.000000
  5.96657015862368E-01  3.01243373316474E-01  6.98988049617044E-01  2.30273713187963E+00  1.32953259002902E-18  0.00000000000000E+00  2.75579978466991E-01  0.00000000000000E+00
     4.100000
  6.42126689396525E-01  3.24528794266888E-01  7.50544999024382E-01  2.47493040419538E+00 -1.05976623448873E-18  0.00000000000000E+00  2.96549903714223E-01  0.00000000000000E+00
     4.200000
  6.90935069373274E-01  3.49734571332152E-01  8.06951786617548E-01  2.65996098980243E+00 -1.23763834079191E-17  0.00000000000000E+00  3.19155046215458E-01  0.00000000000000E+00
     4.300000
  7.43329456171872E-01  3.77161188865844E-01  8.68485593845601E-01  2.85886153453619E+00  1.18270383929476E-17  0.00000000000000E+00  3.43507343238774E-01  0.00000000000000E+00
     4.400000
  7.99589113554942E-01  4.07121173179063E-01  9.35393492903375E-01  3.07277483290928E+00  4.32386269299966E-18  0.00000000000000E+00  3.69726033840461E-01  0.00000000000000E+00
     4.500000
  8.60032971635115E-01  4.39906122067604E-01  1.00777564437737E+00  3.30296496442856E+00 -5.76346672208718E-18  0.00000000000000E+00  3.97941688718055E-01  0.00000000000000E+00
     4.600000
  9.25017632737820E-01  4.75744334643794E-01  1.08583782756071E+00  3.55079596089220E+00 -1.50709001721704E-17  0.00000000000000E+00  4.28302112438700E-01  0.00000000000000E+00
     4.700000
  9.94928459562731E-01  5.14821938933234E-01  1.17000103838701E+00  3.81770521186190E+00  3.15200283164153E-18  0.00000000000000E+00  4.60971548322041E-01  0.00000000000000E+00
     4.800000
  1.07017759621693E+00  5.57311028086001E-01  1.26067649117644E+00  4.10521398032072E+00 -3.29807069883662E-18  0.00000000000000E+00  4.96126611826880E-01  0.00000000000000E+00
     4.900000
  1.15120582816340E+00  6.03359683746433E-01  1.35822157791415E+00  4.41494849770475E+00  5.53298562039411E-18  0.00000000000000E+00  5.33959167327675E-01  0.00000000000000E+00
     5.000000
  1.23848226084679E+00  6.53088381690317E-01  1.46302613334210E+00  4.74865017758435E+00 -1.00003423707973E-17  0.00000000000000E+00  5.74680168388683E-01  0.00000000000000E+00
     5.100000
  1.33250157477776E+00  7.06607350498911E-01  1.57559550610898E+00  5.10817780938674E+00 -3.60197460640814E-18  0.00000000000000E+00  6.18520964531770E-01  0.00000000000000E+00
     5.200000
  1.43378038521022E+00  7.64058041615035E-01  1.69663856892379E+00  5.49550909787073E+00  4.68936959261390E-18  0.00000000000000E+00  6.65730485731766E-01  0.00000000000000E+00
     5.300000
  1.54286050360644E+00  8.25657937288249E-01  1.82692360466849E+00  5.91276306103221E+00 -4.22668899488085E-18  0.00000000000000E+00  7.16565820000869E-01  0.00000000000000E+00
     5.400000
  1.66032361615451E+00  8.91688272248822E-01  1.96695103239595E+00  6.36224629946478E+00  6.07310520483268E-18  0.00000000000000E+00  7.71289425062907E-01  0.00000000000000E+00
     5.500000
  1.78680355050432E+00  9.62427605644225E-01  2.11695168733205E+00  6.84647867042173E+00 -2.63987637169003E-17  0.00000000000000E+00  8.30181440394847E-01  0.00000000000000E+00
     5.600000
  1.92298205284479E+00  1.03812241762547E+00  2.27727875007896E+00  7.36816959208276E+00  1.29362971292307E-17  0.00000000000000E+00  8.93552272258549E-01  0.00000000000000E+00
     5.700000
  2.06957872059346E+00  1.11902995937526E+00  2.44858718238759E+00  7.93018646738340E+00  9.20503121429702E-18  0.00000000000000E+00  9.61740252130609E-01  0.00000000000000E+00
     5.800000
  2.22735035469815E+00  1.20545802265402E+00  2.63169244119046E+00  8.53555406854259E+00 -6.60638058755967E-18  0.00000000000000E+00  1.03510581866175E+00  0.00000000000000E+00
     5.900000
  2.39709515954377E+00  1.29778105250761E+00  2.82756772102413E+00  9.18746332554754E+00  5.59939441578493E-18  0.00000000000000E+00  1.11403335858598E+00  0.00000000000000E+00
     6.000000
  2.57965776654607E+00  1.39647088676689E+00  3.03738629799485E+00  9.88927749042955E+00 -1.20645222529156E-17  0.00000000000000E+00  1.19892934808150E+00  0.00000000000000E+00
     6.100000
  2.77594170190042E+00  1.50211174808932E+00  3.26234823788091E+00  1.06445594299462E+01  2.87635428935777E-17  0.00000000000000E+00  1.29021929014168E+00  0.00000000000000E+00
     6.200000
  2.98692499290356E+00  1.61537546487876E+00  3.50358910570662E+00  1.14571123334172E+01 -1.19117465318679E-17  0.00000000000000E+00  1.38835498295033E+00  0.00000000000000E+00
     6.300000
  3.21366959407142E+00  1.73699634014648E+00  3.76228833450694E+00  1.23310095439187E+01  1.32508638041209E-17  0.00000000000000E+00  1.49382494860057E+00  0.00000000000000E+00
     6.400000
  3.45732596556208E+00  1.86776708529821E+00  4.03976169218063E+00  1.32706176429764E+01  5.40114705509748E-18  0.00000000000000E+00  1.60716003041470E+00  0.00000000000000E+00
     6.500000
  3.71913813372369E+00  2.00854124211411E+00  4.33749408128308E+00  1.42806253705307E+01 -3.01911408379587E-17  0.00000000000000E+00  1.72893518394523E+00  0.00000000000000E+00
     6.600000
  4.00045331027371E+00  2.16022640967311E+00  4.65710365710411E+00  1.53660885836224E+01  5.18352956461992E-17  0.00000000000000E+00  1.85977045878398E+00  0.00000000000000E+00
     6.700000
  4.30273605214444E+00  2.32375964057310E+00  5.00026186494404E+00  1.65324922699586E+01 -3.36910136091854E-18  0.00000000000000E+00  2.00033583786712E+00  0.00000000000000E+00
     6.800000
  4.62758018111230E+00  2.50007797770849E+00  5.36871667985820E+00  1.77858076928198E+01 -2.94469074541421E-17  0.00000000000000E+00  2.15136194684857E+00  0.00000000000000E+00
     6.900000
  4.97671244689488E+00  2.69012061146890E+00  5.76445902840569E+00  1.91325209053877E+01  2.38579488709469E-17  0.00000000000000E+00  2.31364931748586E+00  0.00000000000000E+00
     7.000000
  5.35199402063568E+00  2.89486496852912E+00  6.18979028022939E+00  2.05796497382932E+01  3.49083794482897E-17  0.00000000000000E+00  2.48806784889786E+00  0.00000000000000E+00
     7.100000
  5.75542977749556E+00  3.11534757052501E+00  6.64717426953164E+00  2.21347840907137E+01 -3.34408188828705E-17  0.00000000000000E+00  2.67555460804386E+00  0.00000000000000E+00
     7.200000
  6.18918097779421E+00  3.35265663049028E+00  7.13918747056532E+00  2.38061354238406E+01 -7.90978571733228E-19  0.00000000000000E+00  2.87712083953642E+00  0.00000000000000E+00
     7.300000
  6.65557367475985E+00  3.60793973085387E+00  7.66864698877976E+00  2.56025685732215E+01 -3.69926956992585E-17  0.00000000000000E+00  3.09386030740796E+00  0.00000000000000E+00
     7.400000
  7.15710714620861E+00  3.88243391369975E+00  8.23865836822293E+00  2.75336323696883E+01  4.87000590401698E-17  0.00000000000000E+00  3.32695200881320E+00  0.00000000000000E+00
     7.500000
  7.69646730825910E+00  4.17748848503040E+00  8.85258038760133E+00  2.96096079366401E+01 -8.57751402549180E-17  0.00000000000000E+00  3.57766346607042E+00  0.00000000000000E+00
     7.600000
  8.27654361885365E+00  4.49457742845646E+00  9.51401553585274E+00  3.18415698647285E+01 -2.05530370321588E-16  0.00000000000000E+00  3.84735709446580E+00  0.00000000000000E+00
     7.700000
  8.90044785914844E+00  4.83530917835389E+00  1.02268080788158E+01  3.42414554174576E+01 -1.43011034265523E-16  0.00000000000000E+00  4.13749728723924E+00  0.00000000000000E+00
     7.800000
  9.57153461598693E+00  5.20143104350124E+00  1.09950338289721E+01  3.68221417514320E+01  9.74846625006682E-17  0.00000000000000E+00  4.44965834214225E+00  0.00000000000000E+00
     7.900000
  1.02934224358400E+01  5.59482738731735E+00  1.18230134106976E+01  3.95975273544831E+01 -1.17115558429208E-16  0.00000000000000E+00  4.78553423946942E+00  0.00000000000000E+00
     8.000000
  1.10700144546018E+01  6.01751711580165E+00  1.27153572173436E+01  4.25826131132959E+01  8.16529373093400E-18  0.00000000000000E+00  5.14694965192182E+00  0.00000000000000E+00
     8.100000
  1.19055180129102E+01  6.47165773491128E+00  1.36770224378434E+01  4.57935802779146E+01 -5.00629020753355E-17  0.00000000000000E+00  5.53587154272482E+00  0.00000000000000E+00
     8.200000
  1.28044626750502E+01  6.95956390301703E+00  1.47134063646034E+01  4.92478617229531E+01 -1.25066090948798E-16  0.00000000000000E+00  5.95442095291258E+00  0.00000000000000E+00
     8.300000
  1.37717191969380E+01  7.48374461868472E+00  1.58304084035290E+01  5.29642167163048E+01 -8.97769039397390E-17  0.00000000000000E+00  6.40488123087832E+00  0.00000000000000E+00
     8.400000
  1.48125254061121E+01  8.04693482570460E+00  1.70343575038579E+01  5.69628322399154E+01 -8.07989579697013E-17  0.00000000000000E+00  6.88970407386275E+00  0.00000000000000E+00
     8.500000
  1.59325185059345E+01  8.65210007582278E+00  1.83319434827144E+01  6.12654466425387E+01 -1.26410587047908E-16  0.00000000000000E+00  7.41152164996288E+00  0.00000000000000E+00
     8.600000
  1.71377670013255E+01  9.30243863256330E+00  1.97302872304696E+01  6.58954699678534E+01 -6.33588389802968E-17  0.00000000000000E+00  7.97316401142342E+00  0.00000000000000E+00
     8.700000
  1.84348013035635E+01  1.00014013556994E+01  2.12370337511565E+01  7.08781008458558E+01  1.44768431041948E-16  0.00000000000000E+00  8.57767490998939E+00  0.00000000000000E+00
     8.800000
  1.98306472066962E+01  1.07527163058234E+01  2.28603761654807E+01  7.62404566461838E+01 -7.21480827648125E-17  0.00000000000000E+00  9.22832633602316E+00  0.00000000000000E+00
     8.900000
  2.13328632016897E+01  1.15604063658446E+01  2.46090755814536E+01  8.20117188835653E+01 -1.43628052729812E-16  0.00000000000000E+00  9.92863559858665E+00  0.00000000000000E+00
     9.000000
  2.29495799419858E+01  1.24288068487917E+01  2.64925223779198E+01  8.82232870472371E+01 -1.01184856499376E-16  0.00000000000000E+00  1.06823847156641E+01  0.00000000000000E+00
     9.100000
  2.46895416904630E+01  1.33625913984517E+01  2.85208014891294E+01  9.49089405418687E+01 -7.59826905052553E-17  0.00000000000000E+00  1.14936401259791E+01  0.00000000000000E+00
     9.200000
  2.65621510201424E+01  1.43668023112297E+01  3.07047446537898E+01  1.02105012504515E+02  9.96728476195347E-17  0.00000000000000E+00  1.23667732501314E+01  0.00000000000000E+00
     9.300000
  2.85775175158894E+01  1.54468825865851E+01  3.30559815968761E+01  1.09850577302335E+02  2.66248151467701E-17  0.00000000000000E+00  1.33064823690811E+01  0.00000000000000E+00
     9.400000
  3.07465111893156E+01  1.66087063950851E+01  3.55869774500829E+01  1.18187653341023E+02 -2.10481972802302E-16  0.00000000000000E+00  1.43178160655439E+01  0.00000000000000E+00
     9.500000
  3.30808200241209E+01  1.78586054815664E+01  3.83110969249202E+01  1.27161418326906E+02 -3.38043723792528E-16  0.00000000000000E+00  1.54062002588106E+01  0.00000000000000E+00
     9.600000
  3.55930102508262E+01  1.92034025619037E+01  4.12427153161465E+01  1.36820434565204E+02  3.81988978681260E-16  0.00000000000000E+00  1.65774674817285E+01  0.00000000000000E+00
     9.700000
  3.82965914199462E+01  2.06504510760391E+01  4.43972943113659E+01  1.47216893201362E+02  4.99207604131704E-16  0.00000000000000E+00  1.78378862357996E+01  0.00000000000000E+00
     9.800000
  4.12060877755345E+01  2.22076698011507E+01  4.77914430670095E+01  1.58406880357817E+02  2.36792737290636E-16  0.00000000000000E+00  1.91941938792040E+01  0.00000000000000E+00
     9.900000
  4.43371133275269E+01  2.38835822555654E+01  5.14430535195445E+01  1.70450657568025E+02 -3.71243436819442E-16  0.00000000000000E+00  2.06536342745364E+01  0.00000000000000E+00
    10.000000
  4.77064507580172E+01  2.56873747919830E+01  5.53714513274205E+01  1.83412961498240E+02  3.00983936382962E-16  0.00000000000000E+00  2.22239957935792E+01  0.00000000000000E+00
    10.100000
  5.13321389447051E+01  2.76289615916667E+01  5.95974674875819E+01  1.97363338537482E+02  1.13813232879196E-16  0.00000000000000E+00  2.39136489834372E+01  0.00000000000000E+00
    10.200000
  5.52335717080611E+01  2.97190355528620E+01  6.41434758555406E+01  2.12376518114010E+02 -1.91367640323357E-16  0.00000000000000E+00  2.57315886984275E+01  0.00000000000000E+00
    10.300000
  5.94316053823610E+01  3.19691070160134E+01  6.90334902308163E+01  2.28532815023224E+02 -5.15104299821936E-16  0.00000000000000E+00  2.76874830272288E+01  0.00000000000000E+00
    10.400000
  6.39486727719626E+01  3.43915448166464E+01  7.42933140133469E+01  2.45918555483642E+02 -2.67134188256311E-16  0.00000000000000E+00  2.97917269718555E+01  0.00000000000000E+00
    10.500000
  6.88089036800098E+01  3.69996247115612E+01  7.99507035176695E+01  2.64626531048518E+02  1.28010132879823E-15  0.00000000000000E+00  3.20554998635552E+01  0.00000000000000E+00
    10.600000
  7.40382530161696E+01  3.98075864132198E+01  8.60355389540977E+01  2.84756486390287E+02 -1.04829999473650E-15  0.00000000000000E+00  3.44908265234760E+01  0.00000000000000E+00
    10.700000
  7.96646382472735E+01  4.28306970888301E+01  9.25799846934569E+01  3.06415647731703E+02  1.45513489369072E-15  0.00000000000000E+00  3.71106420978574E+01  0.00000000000000E+00
    10.800000
  8.57180871752759E+01  4.60853195569790E+01  9.96186620526941E+01  3.29719294776142E+02  9.83662440613815E-17  0.00000000000000E+00  3.99288622309260E+01  0.00000000000000E+00
    10.900000
  9.22308959134200E+01  4.95889926625099E+01  1.07188859727972E+02  3.54791375292219E+02  3.64076294934447E-16  0.00000000000000E+00  4.29604583872920E+01  0.00000000000000E+00
    11.000000
  9.92377991037748E+01  5.33605248534619E+01  1.15330732954050E+02  3.81765167022035E+02  1.33355186198625E-15  0.00000000000000E+00  4.62215369634964E+01  0.00000000000000E+00
    11.100000
  1.06776154712612E+02  5.74200920560349E+01  1.24087491998120E+02  4.10783991833076E+02 -6.74815850865068E-16  0.00000000000000E+00  4.97294245900440E+01  0.00000000000000E+00
    11.200000
  1.14886142999258E+02  6.17893420493939E+01  1.33505640935254E+02  4.42001980449789E+02  1.63206599442524E-16  0.00000000000000E+00  5.35027615863992E+01  0.00000000000000E+00
    11.300000
  1.23610979752520E+02  6.64915149524629E+01  1.43635255435068E+02  4.75584889067978E+02  1.63688053315816E-15  0.00000000000000E+00  5.75616019271718E+01  0.00000000000000E+00
    11.400000
  1.32997146681843E+02  7.15515764855607E+01  1.54530244943709E+02  5.11710977873962E+02 -2.32109835703195E-16  0.00000000000000E+00  6.19275193963680E+01  0.00000000000000E+00
    11.500000
  1.43094641114484E+02  7.69963554564169E+01  1.66248618788376E+02  5.50571959831540E+02 -6.82351741872555E-16  0.00000000000000E+00  6.66237229556584E+01  0.00000000000000E+00
    11.600000
  1.53957244588828E+02  8.28546903243471E+01  1.78852810769692E+02  5.92374020840080E+02 -7.62407656317228E-16  0.00000000000000E+00  7.16751827694534E+01  0.00000000000000E+00
    11.700000
  1.65642811093635E+02  8.91575931658379E+01  1.92410039880249E+02  6.37338915684001E+02  5.05646370091301E-16  0.00000000000000E+00  7.71087653054985E+01  0.00000000000000E+00
    11.800000
  1.78213577936906E+02  9.59384281820107E+01  2.06992667602497E+02  6.85705150830207E+02 -1.90572128047550E-15  0.00000000000000E+00  8.29533778244668E+01  0.00000000000000E+00
    11.900000
  1.91736501606726E+02  1.03233098870461E+02  2.22678565813385E+02  7.37729263554604E+02 -2.41128188060058E-16  0.00000000000000E+00  8.92401244047531E+01  0.00000000000000E+00
    12.000000
  2.06283619819413E+02  1.11080242797077E+02  2.39551512540591E+02  7.93687204202765E+02 -6.23848870730203E-16  0.00000000000000E+00  9.60024749123729E+01  0.00000000000000E+00
    12.100000
  2.21932440289860E+02  1.19521437476047E+02  2.57701636596357E+02  8.53875826871896E+02 -1.74740275134680E-15  0.00000000000000E+00  1.03276448136890E+02  0.00000000000000E+00
    12.200000
  2.38766356892497E+02  1.28601426113363E+02  2.77225923432390E+02  9.18614493639631E+02 -6.84352904324974E-16  0.00000000000000E+00  1.11100809012284E+02  0.00000000000000E+00
    12.300000
  2.56875095965858E+02  1.38368367607233E+02  2.98228749159986E+02  9.88246803449813E+02  8.77577551434944E-16  0.00000000000000E+00  1.19517279203092E+02  0.00000000000000E+00
    12.400000
  2.76355196882892E+02  1.48874105619545E+02  3.20822423652321E+02  1.06314246064886E+03  7.34350854096222E-16  0.00000000000000E+00  1.28570762489566E+02  0.00000000000000E+00
    12.500000
  2.97310529858843E+02  1.60174453931699E+02  3.45127771173034E+02  1.14369929345389E+03 -3.91760058738440E-15  0.00000000000000E+00  1.38309587385138E+02  0.00000000000000E+00
    12.600000
  3.19852853197591E+02  1.72329501766816E+02  3.71274768134788E+02  1.23034542940700E+03  1.68861731514358E-15  0.00000000000000E+00  1.48785768042251E+02  0.00000000000000E+00
    12.700000
  3.44102413185263E+02  1.85403940597147E+02  3.99403222334573E+02  1.32354163835890E+03  3.26665155996493E-15  0.00000000000000E+00  1.60055284099953E+02  0.00000000000000E+00
    12.800000
  3.70188590066490E+02  1.99467410559235E+02  4.29663498221485E+02  1.42378385437283E+03 -1.63853296199642E-15  0.00000000000000E+00  1.72178381736869E+02  0.00000000000000E+00
    12.900000
  3.98250592456294E+02  2.14594870443941E+02  4.62217324300100E+02  1.53160588413531E+03  5.95114141344869E-15  0.00000000000000E+00  1.85219898052360E+02  0.00000000000000E+00
    13.000000
  4.28438203193018E+02  2.30866999324364E+02  4.97238679969450E+02  1.64758231204532E+03 -3.36448923896887E-16  0.00000000000000E+00  1.99249609148324E+02  0.00000000000000E+00
    13.100000
  4.60912581530017E+02  2.48370631305450E+02  5.34914735691969E+02  1.77233161905918E+03  4.27399010511630E-15  0.00000000000000E+00  2.14342603173285E+02  0.00000000000000E+00
    13.200000
  4.95847126768684E+02  2.67199222013533E+02  5.75446854201091E+02  1.90651953316336E+03 -1.29059919859017E-15  0.00000000000000E+00  2.30579681126479E+02  0.00000000000000E+00
    13.300000
  5.33428407927301E+02  2.87453348631749E+02  6.19051669236946E+02  2.05086262809628E+03 -7.29797052031749E-15  0.00000000000000E+00  2.48047787973060E+02  0.00000000000000E+00
    13.400000
  5.73857164189984E+02  3.09241246558780E+02  6.65962250486382E+02  2.20613218803338E+03  2.36385161218480E-15  0.00000000000000E+00  2.66840476433420E+02  0.00000000000000E+00
    13.500000
  6.17349381257829E+02  3.32679387130290E+02  7.16429361968707E+02  2.37315835761749E+03  1.04253484505215E-15  0.00000000000000E+00  2.87058405816272E+02  0.00000000000000E+00
    13.600000
  6.64137449559402E+02  3.57893099695864E+02  7.70722810551093E+02  2.55283460022614E+03 -1.07818915155630E-14  0.00000000000000E+00  3.08809878279312E+02  0.00000000000000E+00
    13.700000
  7.14471411024953E+02  3.85017238386905E+02  8.29132882701738E+02  2.74612249046249E+03 -6.75389209650520E-15  0.00000000000000E+00  3.32211415621499E+02  0.00000000000000E+00
    13.800000
  7.68620300886013E+02  4.14196895341981E+02  8.91971888978035E+02  2.95405686604128E+03  1.38460735076597E-14  0.00000000000000E+00  3.57388380465763E+02  0.00000000000000E+00
    13.900000
  8.26873590680428E+02  4.45588167302034E+02  9.59575841657499E+02  3.17775136368527E+03  5.98277529846984E-16  0.00000000000000E+00  3.84475645230687E+02  0.00000000000000E+00
    14.000000
  8.89542739812888E+02  4.79358983470347E+02  1.03230626114179E+03  3.41840436885758E+03  7.25834507424892E-15  0.00000000000000E+00  4.13618311529798E+02  0.00000000000000E+00
    14.100000
  9.56962864619084E+02  5.15689997002115E+02  1.11055209951149E+03  3.67730541498712E+03 -6.95986484984079E-15  0.00000000000000E+00  4.44972483742016E+02  0.00000000000000E+00
    14.200000
  1.02949453394824E+03  5.54775542309180E+02  1.19473180379934E+03  3.95584206759821E+03  1.08607742601719E-15  0.00000000000000E+00  4.78706101733406E+02  0.00000000000000E+00
    14.300000
  1.10752570024179E+03  5.96824665005445E+02  1.28529554174540E+03  4.25550732913344E+03 -1.59213289890387E-15  0.00000000000000E+00  5.14999837099440E+02  0.00000000000000E+00
    14.400000
  1.19147377624414E+03  6.42062230801371E+02  1.38272759255258E+03  4.57790760469496E+03  7.22614970884151E-15  0.00000000000000E+00  5.54048057257575E+02  0.00000000000000E+00
    14.500000
  1.28178786833367E+03  6.90730118913865E+02  1.48754891702161E+03  4.92477127128825E+03 -7.97568089254670E-15  0.00000000000000E+00  5.96059862739941E+02  0.00000000000000E+00
    14.600000
  1.37895117796332E+03  7.43088507826399E+02  1.60031993017374E+03  5.29795789451345E+03 -1.33697564238590E-14  0.00000000000000E+00  6.41260203278918E+02  0.00000000000000E+00
    14.700000
  1.48348358376818E+03  7.99417262363644E+02  1.72164349112431E+03  5.69946814048483E+03  9.03847596908606E-15  0.00000000000000E+00  6.89891078304944E+02  0.00000000000000E+00
    14.800000
  1.59594441823766E+03  8.60017430631719E+02  1.85216812208299E+03  6.13145443580773E+03  2.78659621984704E-14  0.00000000000000E+00  7.42212828011150E+02  0.00000000000000E+00
    14.900000
  1.71693545414564E+03  9.25212858755111E+02  1.99259146986383E+03  6.59623243346080E+03 -7.24142426484157E-15  0.00000000000000E+00  7.98505521765831E+02  0.00000000000000E+00
    15.000000
  1.84710411718433E+03  9.95351930466755E+02  2.14366402453059E+03  7.09629334689164E+03  9.42818722245186E-15  0.00000000000000E+00  8.59070451369375E+02  0.00000000000000E+00
    15.100000
  1.98714694218992E+03  1.07080943853312E+03  2.30619312083950E+03  7.63431721777365E+03  1.23561943778663E-15  0.00000000000000E+00  9.24231737653441E+02  0.00000000000000E+00
    15.200000
  2.13781329097671E+03  1.15198859900477E+03  2.48104726083805E+03  8.21318718582859E+03 -7.30558913760217E-15  0.00000000000000E+00  9.94338059350535E+02  0.00000000000000E+00
    15.300000
  2.29990935138651E+03  1.23932322216179E+03  2.66916077766205E+03  8.83600483587362E+03 -5.34172965134606E-15  0.00000000000000E+00  1.06976451282430E+03  0.00000000000000E+00
    15.400000
  2.47430243963201E+03  1.33328005023292E+03  2.87153884617116E+03  9.50610670593902E+03 -9.10134494251070E-15  0.00000000000000E+00  1.15091461229292E+03  0.00000000000000E+00
    15.500000
  2.66192562939451E+03  1.43436127089205E+03  3.08926287358920E+03  1.02270820453108E+04  8.29028899801474E-15  0.00000000000000E+00  1.23822244208276E+03  0.00000000000000E+00
    15.600000
  2.86378273205160E+03  1.54310722059569E+03  3.32349631376599E+03  1.10027919162376E+04 -6.50579649285271E-15  0.00000000000000E+00  1.33215497274925E+03  0.00000000000000E+00
    15.700000
  3.08095365450899E+03  1.66009929386458E+03  3.57549092924947E+03  1.18373897419768E+04 -2.06583592468995E-14  0.00000000000000E+00  1.43321455303255E+03  0.00000000000000E+00
    15.800000
  3.31460016361193E+03  1.78596307320038E+03  3.84659352517124E+03  1.27353434133760E+04 -8.97433344276331E-15  0.00000000000000E+00  1.54194159094582E+03  0.00000000000000E+00
    15.900000
  3.56597208822174E+03  1.92137169493909E+03  4.13825319104699E+03  1.37014590743652E+04  3.58833140367673E-14  0.00000000000000E+00  1.65891743858290E+03  0.00000000000000E+00
    16.000000
  3.83641399227020E+03  2.06704946806885E+03  4.45202908874732E+03  1.47409067154706E+04  3.16071133882359E-15  0.00000000000000E+00  1.78476749615180E+03  0.00000000000000E+00
    16.100000
  4.12737235469888E+03  2.22377576375958E+03  4.78959882464421E+03  1.58592477144026E+04 -1.07732730381349E-15  0.00000000000000E+00  1.92016455189391E+03  0.00000000000000E+00
    16.200000
  4.44040329483769E+03  2.39238919472568E+03  5.15276744975683E+03  1.70624644730207E+04 -3.50379759605629E-14  0.00000000000000E+00  2.06583237593616E+03  0.00000000000000E+00
    16.300000
  4.77718088456760E+03  2.57379210548702E+03  5.54347713494790E+03  1.83569923110677E+04 -2.24101642642221E-15  0.00000000000000E+00  2.22254958742486E+03  0.00000000000000E+00
    16.400000
  5.13950609167069E+03  2.76895539611020E+03  5.96381757218203E+03  1.97497537893808E+04  3.96234872371376E-14  0.00000000000000E+00  2.39115381583570E+03  0.00000000000000E+00
    16.500000
  5.52931640188223E+03  2.97892370533516E+03  6.41603716326239E+03  2.12481956479230E+04 -4.09861371474784E-14  0.00000000000000E+00  2.57254617887470E+03  0.00000000000000E+00
    16.600000
  5.94869617093765E+03  3.20482098220160E+03  6.90255505223660E+03  2.28603285583077E+04 -1.83495964764872E-14  0.00000000000000E+00  2.76769610047804E+03  0.00000000000000E+00
    16.700000
  6.39988776240267E+03  3.44785647474864E+03  7.42597405264236E+03  2.45947699067272E+04  8.76814624551045E-14  0.00000000000000E+00  2.97764649443069E+03  0.00000000000000E+00
    16.800000
  6.88530353108566E+03  3.70933116551485E+03  7.98909454281078E+03  2.64607898381755E+04  5.39592629109956E-14  0.00000000000000E+00  3.20351934182306E+03  0.00000000000000E+00
    16.900000
  7.40753871568133E+03  3.99064468959356E+03  8.59492941661940E+03  2.84683608076895E+04 -2.27519059361624E-14  0.00000000000000E+00  3.44652169231229E+03  0.00000000000000E+00
    17.000000
  7.96938530925249E+03  4.29330277536461E+03  9.24672016854323E+03  3.06282109027718E+04 -3.03438297320719E-14  0.00000000000000E+00  3.70795212076180E+03  0.00000000000000E+00
    17.100000
  8.57384698192361E+03  4.61892524897739E+03  9.94795419148959E+03  3.29518812223033E+04 -4.63373103003651E-14  0.00000000000000E+00  3.98920767343551E+03  0.00000000000000E+00
    17.200000
  9.22415513588528E+03  4.96925464583021E+03  1.07023833804895E+04  3.54517876185757E+04 -2.18898424594338E-14  0.00000000000000E+00  4.29179134093997E+03  0.00000000000000E+00
    17.300000
  9.92378617869239E+03  5.34616547646210E+03  1.15140441463733E+04  3.81412871312675E+04  1.02837272320848E-13  0.00000000000000E+00  4.61732009787472E+03  0.00000000000000E+00
    17.400000
  1.06764801073889E+04  5.75167419812531E+03  1.23872789468856E+04  4.10347494668939E+04  6.02733940366863E-14  0.00000000000000E+00  4.96753355203063E+03  0.00000000000000E+00
    17.500000
  1.14862605030879E+04  6.18794994672669E+03  1.33267594504151E+04  4.41476339041093E+04 -3.13436796350972E-14  0.00000000000000E+00  5.34430324934462E+03  0.00000000000000E+00
    17.600000
  1.23574560431860E+04  6.65732608774661E+03  1.43375114566326E+04  4.74965720341281E+04 -5.66584045494957E-14  0.00000000000000E+00  5.74964268436532E+03  0.00000000000000E+00
    17.700000
  1.32947236465126E+04  7.16231264851292E+03  1.54249417064883E+04  5.10994567769541E+04  3.04138368834047E-13  0.00000000000000E+00  6.18571806985658E+03  0.00000000000000E+00
    17.800000
  1.43030733752512E+04  7.70560969881506E+03  1.65948667287456E+04  5.49755381474423E+04 -1.94301772163774E-13  0.00000000000000E+00  6.65485992337505E+03  0.00000000000000E+00
    17.900000
  1.53878952266490E+04  8.29012175292991E+03  1.78535438802921E+04  5.91455262810834E+04 -1.71847970557615E-13  0.00000000000000E+00  7.15957553281239E+03  0.00000000000000E+00
    18.000000
  1.65549879576722E+04  8.91897327118150E+03  1.92077047431321E+04  6.36317022690482E+04  3.04726501665544E-13  0.00000000000000E+00  7.70256236751510E+03  0.00000000000000E+00
    18.100000
  1.78105900965594E+04  9.59552534428545E+03  2.06645910574928E+04  6.84580373941609E+04 -1.07471171852880E-13  0.00000000000000E+00  8.28672250687309E+03  0.00000000000000E+00
    18.200000
  1.91614133066452E+04  1.03233936510487E+04  2.22319933882136E+04  7.36503214039725E+04  6.71931156612813E-14  0.00000000000000E+00  8.91517816358108E+03  0.00000000000000E+00
    18.300000
  2.06146782804420E+04  1.11064677871967E+04  2.39182927300094E+04  7.92363005059408E+04 -1.32065152945506E-13  0.00000000000000E+00  9.59128838429758E+03  0.00000000000000E+00
    18.400000
  2.21781533557638E+04  1.19489320688810E+04  2.57325052680711E+04  8.52458258229246E+04  2.36057156908297E-13  0.00000000000000E+00  1.03186670167686E+04  0.00000000000000E+00
    18.500000
  2.38601960601982E+04  1.28552879210642E+04  2.76843305332301E+04  9.17110131031340E+04  5.47559490689104E-14  0.00000000000000E+00  1.11012020395441E+04  0.00000000000000E+00
    18.600000
  2.56697978055633E+04  1.38303779702013E+04  2.97842032149876E+04  9.86664145377385E+04 -1.33745349415298E-13  0.00000000000000E+00  1.19430763576365E+04  0.00000000000000E+00
    18.700000
  2.76166319707074E+04  1.48794119705452E+04  3.20433489119484E+04  1.06149203603575E+05 -1.99722392858039E-13  0.00000000000000E+00  1.28487901750022E+04  0.00000000000000E+00
    18.800000
  2.97111056292525E+04  1.60079947027618E+04  3.44738441173687E+04  1.14199373918152E+05 -8.40747484493431E-14  0.00000000000000E+00  1.38231850630760E+04  0.00000000000000E+00
    18.900000
  3.19644151984990E+04  1.72221559936149E+04  3.70886807605398E+04  1.22859953168957E+05 -4.32475651251509E-13  0.00000000000000E+00  1.48714698536533E+04  0.00000000000000E+00
    19.000000
  3.43886063068082E+04  1.85283830161612E+04  3.99018356481958E+04  1.32177233259422E+05  6.28206726074077E-13  0.00000000000000E+00  1.59992484941826E+04  0.00000000000000E+00
    19.100000
  3.69966381993627E+04  1.99336550414735E+04  4.29283451788107E+04  1.42201017899963E+05  7.53894862887333E-14  0.00000000000000E+00  1.72125500141568E+04  0.00000000000000E+00
    19.200000
  3.98024530263936E+04  2.14454808263411E+04  4.61843857328902E+04  1.52984888964805E+05  2.58862987111258E-14  0.00000000000000E+00  1.85178607625536E+04  0.00000000000000E+00
    19.300000
  4.28210503841220E+04  2.30719388355684E+04  4.96873601692296E+04  1.64586493035413E+05  2.73233865572136E-14  0.00000000000000E+00  1.99221590883224E+04  0.00000000000000E+00
    19.400000
  4.60685675068407E+04  2.48217205120537E+04  5.34559908885971E+04  1.77067849659321E+05  2.36420032974083E-13  0.00000000000000E+00  2.14329526490985E+04  0.00000000000000E+00
    19.500000
  4.95623655387298E+04  2.67041768240437E+04  5.75104199643475E+04  1.90495682968925E+05 -3.48951156912131E-13  0.00000000000000E+00  2.30583185475187E+04  0.00000000000000E+00
    19.600000
  5.33211223464382E+04  2.87293683370316E+04  6.18723168765293E+04  2.04941778429762E+05 -7.25370355977090E-13  0.00000000000000E+00  2.48069465095604E+04  0.00000000000000E+00
    19.700000
  5.73649323685491E+04  3.09081190764667E+04  6.65649944220637E+04  2.20483366623114E+05  3.46209690492274E-13  0.00000000000000E+00  2.66881853355546E+04  0.00000000000000E+00
    19.800000
  6.17154140357486E+04  3.32520744669896E+04  7.16135334176806E+04  2.37203536113164E+05  1.36086022896680E-12  0.00000000000000E+00  2.87120928722185E+04  0.00000000000000E+00
    19.900000
  6.63958253358791E+04  3.57737636561030E+04  7.70449168631085E+04  2.55191677604575E+05  6.45703420720708E-13  0.00000000000000E+00  3.08894897729664E+04  0.00000000000000E+00
    20.000000
  7.14311881415797E+04  3.84866665543111E+04  8.28881742802689E+04  2.74543961764239E+05  3.20374622951572E-13  0.00000000000000E+00  3.32320173338797E+04  0.00000000000000E+00
