     0.000000
  2.2803E-02  1.0858E-10  7.2960E-09  1.5485E-02  0.0000E+00  0.0000E+00  0.0000E+00  0.0000E+00
     0.100000
  2.2497E-02  3.2568E-04  9.3820E-04  1.5120E-02  7.5413E-21  0.0000E+00  9.3182E-04  0.0000E+00
     0.200000
  2.2149E-02  1.0154E-03  3.1148E-03  1.4548E-02  1.4933E-20  0.0000E+00  1.7717E-03  0.0000E+00
     0.300000
  2.1850E-02  1.7919E-03  5.3732E-03  1.4041E-02  1.0286E-20  0.0000E+00  2.5033E-03  0.0000E+00
     0.400000
  2.1689E-02  2.5611E-03  7.0751E-03  1.3831E-02 -6.8547E-20  0.0000E+00  3.1570E-03  0.0000E+00
     0.500000
  2.1706E-02  3.2998E-03  8.2217E-03  1.4057E-02 -5.3930E-21  0.0000E+00  3.7780E-03  0.0000E+00
     0.600000
  2.1913E-02  4.0044E-03  9.0353E-03  1.4778E-02 -7.3982E-20  0.0000E+00  4.4020E-03  0.0000E+00
     0.700000
  2.2302E-02  4.6938E-03  9.6866E-03  1.5991E-02  1.6841E-19  0.0000E+00  5.0514E-03  0.0000E+00
     0.800000
  2.2858E-02  5.4050E-03  1.0266E-02  1.7662E-02  3.3257E-20  0.0000E+00  5.7371E-03  0.0000E+00
     0.900000
  2.3566E-02  6.1763E-03  1.0820E-02  1.9750E-02 -5.4841E-20  0.0000E+00  6.4628E-03  0.0000E+00
     1.000000
  2.4413E-02  7.0360E-03  1.1380E-02  2.2214E-02  7.6704E-20  0.0000E+00  7.2290E-03  0.0000E+00
     1.100000
  2.5392E-02  7.9973E-03  1.1978E-02  2.5026E-02 -1.1622E-19  0.0000E+00  8.0353E-03  0.0000E+00
     1.200000
  2.6500E-02  9.0599E-03  1.2644E-02  2.8160E-02  5.1061E-20  0.0000E+00  8.8819E-03  0.0000E+00
     1.300000
  2.7736E-02  1.0215E-02  1.3406E-02  3.1602E-02  4.2585E-20  0.0000E+00  9.7698E-03  0.0000E+00
     1.400000
  2.9105E-02  1.1450E-02  1.4284E-02  3.5338E-02 -9.0681E-20  0.0000E+00  1.0701E-02  0.0000E+00
     1.500000
  3.0612E-02  1.2753E-02  1.5285E-02  3.9362E-02 -8.1324E-20  0.0000E+00  1.1677E-02  0.0000E+00
     1.600000
  3.2264E-02  1.4112E-02  1.6412E-02  4.3670E-02 -1.6176E-19  0.0000E+00  1.2702E-02  0.0000E+00
     1.700000
  3.4069E-02  1.5519E-02  1.7660E-02  4.8259E-02 -1.7364E-19  0.0000E+00  1.3779E-02  0.0000E+00
     1.800000
  3.6034E-02  1.6969E-02  1.9021E-02  5.3132E-02 -2.9582E-19  0.0000E+00  1.4911E-02  0.0000E+00
     1.900000
  3.8168E-02  1.8460E-02  2.0484E-02  5.8289E-02  4.7377E-19  0.0000E+00  1.6102E-02  0.0000E+00
     2.000000
  4.0480E-02  1.9990E-02  2.2041E-02  6.3737E-02 -3.0496E-19  0.0000E+00  1.7356E-02  0.0000E+00
     2.100000
  4.2980E-02  2.1561E-02  2.3683E-02  6.9483E-02 -5.5046E-19  0.0000E+00  1.8678E-02  0.0000E+00
     2.200000
  4.5679E-02  2.3175E-02  2.5402E-02  7.5538E-02 -1.7563E-20  0.0000E+00  2.0071E-02  0.0000E+00
     2.300000
  4.8588E-02  2.4838E-02  2.7194E-02  8.1913E-02 -2.2947E-19  0.0000E+00  2.1542E-02  0.0000E+00
     2.400000
  5.1717E-02  2.6555E-02  2.9056E-02  8.8625E-02  4.1237E-19  0.0000E+00  2.3094E-02  0.0000E+00
     2.500000
  5.5081E-02  2.8335E-02  3.0991E-02  9.5691E-02  7.2671E-20  0.0000E+00  2.4734E-02  0.0000E+00
     2.600000
  5.8690E-02  3.0188E-02  3.3001E-02  1.0313E-01  2.1058E-19  0.0000E+00  2.6468E-02  0.0000E+00
     2.700000
  6.2558E-02  3.2125E-02  3.5092E-02  1.1097E-01  1.0525E-19  0.0000E+00  2.8302E-02  0.0000E+00
     2.800000
  6.6700E-02  3.4160E-02  3.7272E-02  1.1923E-01 -1.3083E-19  0.0000E+00  3.0243E-02  0.0000E+00
     2.900000
  7.1129E-02  3.6305E-02  3.9548E-02  1.2794E-01  1.3366E-19  0.0000E+00  3.2297E-02  0.0000E+00
     3.000000
  7.5859E-02  3.8577E-02  4.1930E-02  1.3712E-01 -1.9490E-19  0.0000E+00  3.4473E-02  0.0000E+00
     3.100000
  8.0906E-02  4.0989E-02  4.4427E-02  1.4681E-01 -5.9479E-20  0.0000E+00  3.6777E-02  0.0000E+00
     3.200000
  8.6286E-02  4.3556E-02  4.7048E-02  1.5705E-01 -1.9297E-19  0.0000E+00  3.9218E-02  0.0000E+00
     3.300000
  9.2016E-02  4.6295E-02  4.9806E-02  1.6786E-01 -8.1532E-19  0.0000E+00  4.1803E-02  0.0000E+00
     3.400000
  9.8114E-02  4.9220E-02  5.2714E-02  1.7929E-01 -4.9896E-19  0.0000E+00  4.4542E-02  0.0000E+00
     3.500000
  1.0460E-01  5.2348E-02  5.5784E-02  1.9137E-01 -4.4777E-19  0.0000E+00  4.7444E-02  0.0000E+00
     3.600000
  1.1149E-01  5.5692E-02  5.9032E-02  2.0414E-01  7.0753E-19  0.0000E+00  5.0519E-02  0.0000E+00
     3.700000
  1.1881E-01  5.9269E-02  6.2469E-02  2.1766E-01  2.3450E-19  0.0000E+00  5.3777E-02  0.0000E+00
     3.800000
  1.2659E-01  6.3096E-02  6.6104E-02  2.3195E-01  2.7371E-19  0.0000E+00  5.7229E-02  0.0000E+00
     3.900000
  1.3484E-01  6.7190E-02  6.9950E-02  2.4709E-01 -1.9865E-18  0.0000E+00  6.0887E-02  0.0000E+00
     4.000000
  1.4360E-01  7.1572E-02  7.4018E-02  2.6310E-01  2.1647E-19  0.0000E+00  6.4763E-02  0.0000E+00
     4.100000
  1.5290E-01  7.6263E-02  7.8325E-02  2.8006E-01  6.2548E-19  0.0000E+00  6.8872E-02  0.0000E+00
     4.200000
  1.6276E-01  8.1284E-02  8.2894E-02  2.9802E-01  4.4697E-19  0.0000E+00  7.3227E-02  0.0000E+00
     4.300000
  1.7321E-01  8.6659E-02  8.7749E-02  3.1705E-01 -3.0280E-18  0.0000E+00  7.7845E-02  0.0000E+00
     4.400000
  1.8431E-01  9.2410E-02  9.2919E-02  3.3720E-01  8.5763E-19  0.0000E+00  8.2742E-02  0.0000E+00
     4.500000
  1.9607E-01  9.8560E-02  9.8428E-02  3.5855E-01  4.9434E-19  0.0000E+00  8.7937E-02  0.0000E+00
     4.600000
  2.0854E-01  1.0513E-01  1.0430E-01  3.8118E-01 -6.4806E-19  0.0000E+00  9.3448E-02  0.0000E+00
     4.700000
  2.2177E-01  1.1215E-01  1.1057E-01  4.0516E-01  2.7800E-19  0.0000E+00  9.9295E-02  0.0000E+00
     4.800000
  2.3579E-01  1.1965E-01  1.1725E-01  4.3059E-01 -4.4880E-19  0.0000E+00  1.0550E-01  0.0000E+00
     4.900000
  2.5067E-01  1.2764E-01  1.2436E-01  4.5755E-01 -4.9730E-20  0.0000E+00  1.1208E-01  0.0000E+00
     5.000000
  2.6644E-01  1.3617E-01  1.3193E-01  4.8614E-01 -2.4147E-18  0.0000E+00  1.1907E-01  0.0000E+00
     5.100000
  2.8317E-01  1.4526E-01  1.4000E-01  5.1647E-01 -2.3117E-18  0.0000E+00  1.2649E-01  0.0000E+00
     5.200000
  3.0092E-01  1.5494E-01  1.4860E-01  5.4864E-01 -2.4381E-18  0.0000E+00  1.3437E-01  0.0000E+00
     5.300000
  3.1974E-01  1.6526E-01  1.5776E-01  5.8278E-01  4.0940E-19  0.0000E+00  1.4273E-01  0.0000E+00
     5.400000
  3.3972E-01  1.7624E-01  1.6754E-01  6.1901E-01 -2.7158E-18  0.0000E+00  1.5161E-01  0.0000E+00
     5.500000
  3.6091E-01  1.8792E-01  1.7796E-01  6.5747E-01 -3.5183E-18  0.0000E+00  1.6104E-01  0.0000E+00
     5.600000
  3.8340E-01  2.0035E-01  1.8908E-01  6.9829E-01  3.9667E-18  0.0000E+00  1.7105E-01  0.0000E+00
     5.700000
  4.0727E-01  2.1356E-01  2.0093E-01  7.4164E-01 -2.9377E-18  0.0000E+00  1.8169E-01  0.0000E+00
     5.800000
  4.3261E-01  2.2759E-01  2.1357E-01  7.8767E-01 -4.5978E-18  0.0000E+00  1.9300E-01  0.0000E+00
     5.900000
  4.5952E-01  2.4249E-01  2.2702E-01  8.3655E-01 -3.6663E-18  0.0000E+00  2.0501E-01  0.0000E+00
     6.000000
  4.8809E-01  2.5831E-01  2.4135E-01  8.8848E-01 -9.0538E-18  0.0000E+00  2.1777E-01  0.0000E+00
     6.100000
  5.1843E-01  2.7510E-01  2.5661E-01  9.4364E-01 -5.6890E-19  0.0000E+00  2.3133E-01  0.0000E+00
     6.200000
  5.5066E-01  2.9291E-01  2.7285E-01  1.0022E+00 -4.2750E-18  0.0000E+00  2.4575E-01  0.0000E+00
     6.300000
  5.8489E-01  3.1179E-01  2.9013E-01  1.0645E+00  1.2423E-18  0.0000E+00  2.6107E-01  0.0000E+00
     6.400000
  6.2126E-01  3.3182E-01  3.0852E-01  1.1307E+00  1.2546E-18  0.0000E+00  2.7736E-01  0.0000E+00
     6.500000
  6.5991E-01  3.5304E-01  3.2809E-01  1.2010E+00  7.1759E-19  0.0000E+00  2.9468E-01  0.0000E+00
     6.600000
  7.0097E-01  3.7554E-01  3.4890E-01  1.2757E+00  7.9154E-20  0.0000E+00  3.1308E-01  0.0000E+00
     6.700000
  7.4461E-01  3.9939E-01  3.7104E-01  1.3552E+00 -3.6048E-18  0.0000E+00  3.3265E-01  0.0000E+00
     6.800000
  7.9100E-01  4.2466E-01  3.9458E-01  1.4396E+00 -4.9329E-18  0.0000E+00  3.5345E-01  0.0000E+00
     6.900000
  8.4030E-01  4.5144E-01  4.1961E-01  1.5294E+00 -1.1786E-17  0.0000E+00  3.7557E-01  0.0000E+00
     7.000000
  8.9270E-01  4.7982E-01  4.4622E-01  1.6248E+00 -1.0094E-17  0.0000E+00  3.9908E-01  0.0000E+00
     7.100000
  9.4841E-01  5.0990E-01  4.7451E-01  1.7262E+00  8.4752E-18  0.0000E+00  4.2408E-01  0.0000E+00
     7.200000
  1.0076E+00  5.4177E-01  5.0459E-01  1.8340E+00 -6.8616E-18  0.0000E+00  4.5066E-01  0.0000E+00
     7.300000
  1.0706E+00  5.7556E-01  5.3656E-01  1.9486E+00 -8.0883E-18  0.0000E+00  4.7892E-01  0.0000E+00
     7.400000
  1.1376E+00  6.1138E-01  5.7053E-01  2.0705E+00 -2.0100E-18  0.0000E+00  5.0896E-01  0.0000E+00
     7.500000
  1.2087E+00  6.4935E-01  6.0664E-01  2.2000E+00  7.9483E-18  0.0000E+00  5.4091E-01  0.0000E+00
     7.600000
  1.2844E+00  6.8962E-01  6.4501E-01  2.3378E+00  1.0105E-17  0.0000E+00  5.7486E-01  0.0000E+00
     7.700000
  1.3649E+00  7.3232E-01  6.8579E-01  2.4842E+00 -1.1624E-17  0.0000E+00  6.1097E-01  0.0000E+00
     7.800000
  1.4505E+00  7.7761E-01  7.2913E-01  2.6399E+00 -1.4204E-17  0.0000E+00  6.4935E-01  0.0000E+00
     7.900000
  1.5415E+00  8.2566E-01  7.7519E-01  2.8054E+00 -1.1790E-17  0.0000E+00  6.9016E-01  0.0000E+00
     8.000000
  1.6383E+00  8.7664E-01  8.2413E-01  2.9814E+00 -2.1184E-18  0.0000E+00  7.3354E-01  0.0000E+00
     8.100000
  1.7412E+00  9.3073E-01  8.7615E-01  3.1684E+00 -1.0993E-17  0.0000E+00  7.7966E-01  0.0000E+00
     8.200000
  1.8506E+00  9.8813E-01  9.3143E-01  3.3673E+00  4.4832E-18  0.0000E+00  8.2868E-01  0.0000E+00
     8.300000
  1.9669E+00  1.0491E+00  9.9017E-01  3.5787E+00 -1.3575E-17  0.0000E+00  8.8080E-01  0.0000E+00
     8.400000
  2.0907E+00  1.1137E+00  1.0526E+00  3.8035E+00 -3.8216E-18  0.0000E+00  9.3621E-01  0.0000E+00
     8.500000
  2.2222E+00  1.1824E+00  1.1190E+00  4.0424E+00 -1.1003E-17  0.0000E+00  9.9511E-01  0.0000E+00
     8.600000
  2.3621E+00  1.2553E+00  1.1895E+00  4.2964E+00  5.1339E-18  0.0000E+00  1.0577E+00  0.0000E+00
     8.700000
  2.5109E+00  1.3327E+00  1.2644E+00  4.5664E+00 -4.3876E-18  0.0000E+00  1.1243E+00  0.0000E+00
     8.800000
  2.6691E+00  1.4149E+00  1.3440E+00  4.8534E+00 -4.7369E-17  0.0000E+00  1.1950E+00  0.0000E+00
     8.900000
  2.8373E+00  1.5022E+00  1.4286E+00  5.1584E+00  1.0320E-17  0.0000E+00  1.2702E+00  0.0000E+00
     9.000000
  3.0161E+00  1.5950E+00  1.5186E+00  5.4827E+00  3.8091E-18  0.0000E+00  1.3501E+00  0.0000E+00
     9.100000
  3.2063E+00  1.6936E+00  1.6142E+00  5.8273E+00 -1.8882E-17  0.0000E+00  1.4351E+00  0.0000E+00
     9.200000
  3.4084E+00  1.7983E+00  1.7157E+00  6.1937E+00  7.0114E-18  0.0000E+00  1.5254E+00  0.0000E+00
     9.300000
  3.6234E+00  1.9096E+00  1.8237E+00  6.5830E+00  3.6675E-17  0.0000E+00  1.6214E+00  0.0000E+00
     9.400000
  3.8520E+00  2.0279E+00  1.9384E+00  6.9969E+00 -5.1812E-18  0.0000E+00  1.7234E+00  0.0000E+00
     9.500000
  4.0950E+00  2.1536E+00  2.0604E+00  7.4367E+00 -1.1286E-17  0.0000E+00  1.8319E+00  0.0000E+00
     9.600000
  4.3533E+00  2.2872E+00  2.1900E+00  7.9042E+00  6.3071E-18  0.0000E+00  1.9472E+00  0.0000E+00
     9.700000
  4.6280E+00  2.4292E+00  2.3278E+00  8.4011E+00 -5.3654E-17  0.0000E+00  2.0697E+00  0.0000E+00
     9.800000
  4.9200E+00  2.5801E+00  2.4742E+00  8.9291E+00 -3.6546E-17  0.0000E+00  2.1999E+00  0.0000E+00
     9.900000
  5.2304E+00  2.7406E+00  2.6299E+00  9.4903E+00  7.5069E-18  0.0000E+00  2.3383E+00  0.0000E+00
    10.000000
  5.5604E+00  2.9112E+00  2.7954E+00  1.0087E+01 -3.1278E-17  0.0000E+00  2.4854E+00  0.0000E+00
    10.100000
  5.9112E+00  3.0926E+00  2.9713E+00  1.0721E+01  6.6776E-19  0.0000E+00  2.6418E+00  0.0000E+00
    10.200000
  6.2842E+00  3.2855E+00  3.1584E+00  1.1394E+01 -5.1089E-17  0.0000E+00  2.8080E+00  0.0000E+00
    10.300000
  6.6807E+00  3.4906E+00  3.3572E+00  1.2111E+01  5.3246E-17  0.0000E+00  2.9847E+00  0.0000E+00
    10.400000
  7.1021E+00  3.7087E+00  3.5686E+00  1.2872E+01 -3.5133E-17  0.0000E+00  3.1725E+00  0.0000E+00
    10.500000
  7.5501E+00  3.9406E+00  3.7933E+00  1.3680E+01 -2.8577E-18  0.0000E+00  3.3720E+00  0.0000E+00
    10.600000
  8.0264E+00  4.1873E+00  4.0322E+00  1.4540E+01  2.4053E-17  0.0000E+00  3.5842E+00  0.0000E+00
    10.700000
  8.5326E+00  4.4496E+00  4.2862E+00  1.5454E+01  6.8611E-18  0.0000E+00  3.8097E+00  0.0000E+00
    10.800000
  9.0707E+00  4.7285E+00  4.5562E+00  1.6425E+01  5.4527E-17  0.0000E+00  4.0494E+00  0.0000E+00
    10.900000
  9.6427E+00  5.0252E+00  4.8433E+00  1.7456E+01  6.0959E-17  0.0000E+00  4.3041E+00  0.0000E+00
    11.000000
  1.0251E+01  5.3407E+00  5.1485E+00  1.8553E+01 -8.2302E-17  0.0000E+00  4.5749E+00  0.0000E+00
    11.100000
  1.0897E+01  5.6763E+00  5.4731E+00  1.9719E+01  1.1842E-16  0.0000E+00  4.8628E+00  0.0000E+00
    11.200000
  1.1584E+01  6.0333E+00  5.8181E+00  2.0958E+01 -8.7369E-17  0.0000E+00  5.1688E+00  0.0000E+00
    11.300000
  1.2314E+01  6.4129E+00  6.1850E+00  2.2275E+01 -1.8797E-17  0.0000E+00  5.4940E+00  0.0000E+00
    11.400000
  1.3090E+01  6.8166E+00  6.5751E+00  2.3675E+01 -5.7655E-17  0.0000E+00  5.8397E+00  0.0000E+00
    11.500000
  1.3915E+01  7.2461E+00  6.9898E+00  2.5162E+01  3.7338E-17  0.0000E+00  6.2072E+00  0.0000E+00
    11.600000
  1.4792E+01  7.7028E+00  7.4308E+00  2.6744E+01 -5.8387E-17  0.0000E+00  6.5978E+00  0.0000E+00
    11.700000
  1.5724E+01  8.1886E+00  7.8996E+00  2.8424E+01 -7.7965E-17  0.0000E+00  7.0130E+00  0.0000E+00
    11.800000
  1.6715E+01  8.7053E+00  8.3981E+00  3.0211E+01  9.0487E-17  0.0000E+00  7.4543E+00  0.0000E+00
    11.900000
  1.7768E+01  9.2549E+00  8.9282E+00  3.2110E+01 -1.0139E-16  0.0000E+00  7.9234E+00  0.0000E+00
    12.000000
  1.8887E+01  9.8393E+00  9.4917E+00  3.4128E+01  3.2346E-18  0.0000E+00  8.4221E+00  0.0000E+00
    12.100000
  2.0077E+01  1.0461E+01  1.0091E+01  3.6274E+01 -1.4644E-16  0.0000E+00  8.9522E+00  0.0000E+00
    12.200000
  2.1341E+01  1.1122E+01  1.0728E+01  3.8554E+01 -2.1544E-16  0.0000E+00  9.5157E+00  0.0000E+00
    12.300000
  2.2685E+01  1.1825E+01  1.1405E+01  4.0978E+01 -4.6303E-16  0.0000E+00  1.0115E+01  0.0000E+00
    12.400000
  2.4113E+01  1.2573E+01  1.2126E+01  4.3555E+01  3.9635E-16  0.0000E+00  1.0751E+01  0.0000E+00
    12.500000
  2.5632E+01  1.3368E+01  1.2891E+01  4.6294E+01 -1.5192E-17  0.0000E+00  1.1428E+01  0.0000E+00
    12.600000
  2.7245E+01  1.4214E+01  1.3705E+01  4.9206E+01 -1.4566E-16  0.0000E+00  1.2147E+01  0.0000E+00
    12.700000
  2.8960E+01  1.5113E+01  1.4571E+01  5.2300E+01 -4.6075E-16  0.0000E+00  1.2912E+01  0.0000E+00
    12.800000
  3.0783E+01  1.6069E+01  1.5491E+01  5.5590E+01 -1.5896E-16  0.0000E+00  1.3725E+01  0.0000E+00
    12.900000
  3.2721E+01  1.7086E+01  1.6469E+01  5.9087E+01 -1.0056E-16  0.0000E+00  1.4589E+01  0.0000E+00
    13.000000
  3.4780E+01  1.8167E+01  1.7509E+01  6.2804E+01  1.2975E-16  0.0000E+00  1.5507E+01  0.0000E+00
    13.100000
  3.6969E+01  1.9317E+01  1.8615E+01  6.6756E+01  1.1814E-16  0.0000E+00  1.6484E+01  0.0000E+00
    13.200000
  3.9296E+01  2.0539E+01  1.9791E+01  7.0956E+01 -3.1262E-17  0.0000E+00  1.7521E+01  0.0000E+00
    13.300000
  4.1768E+01  2.1839E+01  2.1040E+01  7.5421E+01 -3.0175E-16  0.0000E+00  1.8625E+01  0.0000E+00
    13.400000
  4.4397E+01  2.3221E+01  2.2368E+01  8.0167E+01  1.6951E-16  0.0000E+00  1.9797E+01  0.0000E+00
    13.500000
  4.7190E+01  2.4690E+01  2.3780E+01  8.5212E+01 -4.4880E-16  0.0000E+00  2.1043E+01  0.0000E+00
    13.600000
  5.0159E+01  2.6251E+01  2.5281E+01  9.0574E+01 -9.6671E-16  0.0000E+00  2.2368E+01  0.0000E+00
    13.700000
  5.3315E+01  2.7911E+01  2.6877E+01  9.6275E+01 -5.4893E-17  0.0000E+00  2.3776E+01  0.0000E+00
    13.800000
  5.6669E+01  2.9676E+01  2.8572E+01  1.0233E+02 -3.4843E-16  0.0000E+00  2.5273E+01  0.0000E+00
    13.900000
  6.0234E+01  3.1552E+01  3.0375E+01  1.0878E+02 -3.8642E-16  0.0000E+00  2.6864E+01  0.0000E+00
    14.000000
  6.4023E+01  3.3546E+01  3.2291E+01  1.1562E+02  6.6744E-16  0.0000E+00  2.8555E+01  0.0000E+00
    14.100000
  6.8051E+01  3.5666E+01  3.4327E+01  1.2290E+02  9.0306E-17  0.0000E+00  3.0352E+01  0.0000E+00
    14.200000
  7.2332E+01  3.7919E+01  3.6492E+01  1.3064E+02 -1.4621E-16  0.0000E+00  3.2263E+01  0.0000E+00
    14.300000
  7.6882E+01  4.0314E+01  3.8792E+01  1.3886E+02 -9.4944E-16  0.0000E+00  3.4294E+01  0.0000E+00
    14.400000
  8.1718E+01  4.2859E+01  4.1237E+01  1.4760E+02  5.6378E-17  0.0000E+00  3.6452E+01  0.0000E+00
    14.500000
  8.6858E+01  4.5564E+01  4.3836E+01  1.5689E+02 -3.1567E-16  0.0000E+00  3.8746E+01  0.0000E+00
    14.600000
  9.2322E+01  4.8439E+01  4.6598E+01  1.6677E+02  7.9687E-17  0.0000E+00  4.1185E+01  0.0000E+00
    14.700000
  9.8129E+01  5.1495E+01  4.9533E+01  1.7726E+02  1.9963E-16  0.0000E+00  4.3777E+01  0.0000E+00
    14.800000
  1.0430E+02  5.4742E+01  5.2653E+01  1.8842E+02 -7.4786E-16  0.0000E+00  4.6532E+01  0.0000E+00
    14.900000
  1.1086E+02  5.8193E+01  5.5969E+01  2.0028E+02  2.4547E-16  0.0000E+00  4.9461E+01  0.0000E+00
    15.000000
  1.1784E+02  6.1861E+01  5.9492E+01  2.1289E+02  4.9927E-17  0.0000E+00  5.2573E+01  0.0000E+00
    15.100000
  1.2525E+02  6.5759E+01  6.3237E+01  2.2629E+02 -1.5717E-16  0.0000E+00  5.5882E+01  0.0000E+00
    15.200000
  1.3313E+02  6.9901E+01  6.7217E+01  2.4053E+02 -8.3429E-17  0.0000E+00  5.9398E+01  0.0000E+00
    15.300000
  1.4150E+02  7.4303E+01  7.1447E+01  2.5567E+02 -2.4787E-16  0.0000E+00  6.3136E+01  0.0000E+00
    15.400000
  1.5040E+02  7.8981E+01  7.5942E+01  2.7176E+02 -1.3584E-15  0.0000E+00  6.7109E+01  0.0000E+00
    15.500000
  1.5986E+02  8.3953E+01  8.0719E+01  2.8887E+02  4.8951E-16  0.0000E+00  7.1331E+01  0.0000E+00
    15.600000
  1.6992E+02  8.9236E+01  8.5797E+01  3.0705E+02  3.8061E-16  0.0000E+00  7.5819E+01  0.0000E+00
    15.700000
  1.8061E+02  9.4851E+01  9.1192E+01  3.2638E+02 -1.2445E-15  0.0000E+00  8.0590E+01  0.0000E+00
    15.800000
  1.9197E+02  1.0082E+02  9.6927E+01  3.4692E+02  2.9205E-16  0.0000E+00  8.5660E+01  0.0000E+00
    15.900000
  2.0404E+02  1.0716E+02  1.0302E+02  3.6875E+02 -3.0624E-15  0.0000E+00  9.1050E+01  0.0000E+00
    16.000000
  2.1688E+02  1.1390E+02  1.0950E+02  3.9196E+02 -1.3404E-15  0.0000E+00  9.6778E+01  0.0000E+00
    16.100000
  2.3052E+02  1.2106E+02  1.1638E+02  4.1662E+02 -8.2462E-17  0.0000E+00  1.0287E+02  0.0000E+00
    16.200000
  2.4502E+02  1.2867E+02  1.2370E+02  4.4284E+02  6.6138E-16  0.0000E+00  1.0934E+02  0.0000E+00
    16.300000
  2.6044E+02  1.3676E+02  1.3147E+02  4.7071E+02 -1.2442E-15  0.0000E+00  1.1622E+02  0.0000E+00
    16.400000
  2.7682E+02  1.4535E+02  1.3974E+02  5.0033E+02 -9.2709E-16  0.0000E+00  1.2353E+02  0.0000E+00
    16.500000
  2.9424E+02  1.5448E+02  1.4852E+02  5.3181E+02  2.2056E-15  0.0000E+00  1.3130E+02  0.0000E+00
    16.600000
  3.1275E+02  1.6419E+02  1.5786E+02  5.6528E+02 -9.1577E-16  0.0000E+00  1.3956E+02  0.0000E+00
    16.700000
  3.3243E+02  1.7451E+02  1.6778E+02  6.0085E+02  4.4477E-16  0.0000E+00  1.4834E+02  0.0000E+00
    16.800000
  3.5334E+02  1.8547E+02  1.7832E+02  6.3866E+02 -1.3173E-15  0.0000E+00  1.5767E+02  0.0000E+00
    16.900000
  3.7557E+02  1.9713E+02  1.8953E+02  6.7885E+02  1.3032E-15  0.0000E+00  1.6759E+02  0.0000E+00
    17.000000
  3.9920E+02  2.0951E+02  2.0144E+02  7.2156E+02  5.2065E-16  0.0000E+00  1.7814E+02  0.0000E+00
    17.100000
  4.2432E+02  2.2267E+02  2.1410E+02  7.6696E+02 -2.6687E-15  0.0000E+00  1.8934E+02  0.0000E+00
    17.200000
  4.5102E+02  2.3666E+02  2.2756E+02  8.1522E+02 -5.3803E-15  0.0000E+00  2.0126E+02  0.0000E+00
    17.300000
  4.7940E+02  2.5153E+02  2.4186E+02  8.6652E+02 -9.5806E-15  0.0000E+00  2.1392E+02  0.0000E+00
    17.400000
  5.0956E+02  2.6734E+02  2.5706E+02  9.2104E+02  6.1621E-15  0.0000E+00  2.2738E+02  0.0000E+00
    17.500000
  5.4162E+02  2.8414E+02  2.7322E+02  9.7899E+02  6.6154E-16  0.0000E+00  2.4168E+02  0.0000E+00
    17.600000
  5.7570E+02  3.0199E+02  2.9040E+02  1.0406E+03 -3.0199E-16  0.0000E+00  2.5689E+02  0.0000E+00
    17.700000
  6.1193E+02  3.2096E+02  3.0866E+02  1.1061E+03 -5.5579E-16  0.0000E+00  2.7305E+02  0.0000E+00
    17.800000
  6.5043E+02  3.4113E+02  3.2806E+02  1.1757E+03  7.2831E-16  0.0000E+00  2.9023E+02  0.0000E+00
    17.900000
  6.9136E+02  3.6257E+02  3.4869E+02  1.2496E+03 -2.1847E-16  0.0000E+00  3.0849E+02  0.0000E+00
    18.000000
  7.3487E+02  3.8536E+02  3.7061E+02  1.3283E+03 -1.0799E-14  0.0000E+00  3.2789E+02  0.0000E+00
    18.100000
  7.8111E+02  4.0958E+02  3.9392E+02  1.4118E+03 -3.7299E-15  0.0000E+00  3.4852E+02  0.0000E+00
    18.200000
  8.3026E+02  4.3533E+02  4.1869E+02  1.5007E+03  3.3582E-16  0.0000E+00  3.7045E+02  0.0000E+00
    18.300000
  8.8251E+02  4.6269E+02  4.4502E+02  1.5951E+03  1.0552E-15  0.0000E+00  3.9376E+02  0.0000E+00
    18.400000
  9.3804E+02  4.9178E+02  4.7301E+02  1.6954E+03  4.5639E-15  0.0000E+00  4.1854E+02  0.0000E+00
    18.500000
  9.9707E+02  5.2270E+02  5.0277E+02  1.8021E+03  2.8699E-15  0.0000E+00  4.4487E+02  0.0000E+00
    18.600000
  1.0598E+03  5.5557E+02  5.3439E+02  1.9155E+03  2.8726E-15  0.0000E+00  4.7286E+02  0.0000E+00
    18.700000
  1.1265E+03  5.9051E+02  5.6801E+02  2.0360E+03 -6.8729E-15  0.0000E+00  5.0261E+02  0.0000E+00
    18.800000
  1.1974E+03  6.2764E+02  6.0374E+02  2.1641E+03  4.4383E-15  0.0000E+00  5.3424E+02  0.0000E+00
    18.900000
  1.2727E+03  6.6712E+02  6.4173E+02  2.3003E+03  5.0660E-15  0.0000E+00  5.6785E+02  0.0000E+00
    19.000000
  1.3528E+03  7.0908E+02  6.8210E+02  2.4450E+03 -3.1290E-15  0.0000E+00  6.0358E+02  0.0000E+00
    19.100000
  1.4380E+03  7.5369E+02  7.2502E+02  2.5989E+03  1.3174E-15  0.0000E+00  6.4156E+02  0.0000E+00
    19.200000
  1.5285E+03  8.0110E+02  7.7065E+02  2.7624E+03  2.5421E-14  0.0000E+00  6.8193E+02  0.0000E+00
    19.300000
  1.6246E+03  8.5150E+02  8.1914E+02  2.9362E+03  6.6465E-15  0.0000E+00  7.2484E+02  0.0000E+00
    19.400000
  1.7269E+03  9.0508E+02  8.7069E+02  3.1209E+03 -5.5189E-15  0.0000E+00  7.7045E+02  0.0000E+00
    19.500000
  1.8355E+03  9.6203E+02  9.2549E+02  3.3173E+03 -7.1667E-15  0.0000E+00  8.1893E+02  0.0000E+00
    19.600000
  1.9511E+03  1.0226E+03  9.8373E+02  3.5260E+03  2.4936E-15  0.0000E+00  8.7047E+02  0.0000E+00
    19.700000
  2.0738E+03  1.0869E+03  1.0456E+03  3.7479E+03 -8.3143E-15  0.0000E+00  9.2524E+02  0.0000E+00
    19.800000
  2.2043E+03  1.1553E+03  1.1115E+03  3.9837E+03 -1.0863E-14  0.0000E+00  9.8346E+02  0.0000E+00
    19.900000
  2.3430E+03  1.2280E+03  1.1814E+03  4.2344E+03 -2.0218E-15  0.0000E+00  1.0453E+03  0.0000E+00
    20.000000
  2.4905E+03  1.3053E+03  1.2558E+03  4.5008E+03  5.0794E-15  0.0000E+00  1.1111E+03  0.0000E+00
    20.100000
  2.6472E+03  1.3875E+03  1.3348E+03  4.7840E+03  1.1764E-14  0.0000E+00  1.1810E+03  0.0000E+00
    20.200000
  2.8138E+03  1.4748E+03  1.4188E+03  5.0851E+03  1.5427E-14  0.0000E+00  1.2554E+03  0.0000E+00
    20.300000
  2.9908E+03  1.5676E+03  1.5081E+03  5.4050E+03 -1.9109E-14  0.0000E+00  1.3344E+03  0.0000E+00
    20.400000
  3.1791E+03  1.6663E+03  1.6031E+03  5.7451E+03 -2.1300E-14  0.0000E+00  1.4183E+03  0.0000E+00
    20.500000
  3.3791E+03  1.7712E+03  1.7040E+03  6.1066E+03 -1.9649E-14  0.0000E+00  1.5076E+03  0.0000E+00
    20.600000
  3.5917E+03  1.8827E+03  1.8112E+03  6.4908E+03 -7.7626E-15  0.0000E+00  1.6024E+03  0.0000E+00
    20.700000
  3.8177E+03  2.0012E+03  1.9252E+03  6.8993E+03 -5.4634E-15  0.0000E+00  1.7033E+03  0.0000E+00
    20.800000
  4.0580E+03  2.1272E+03  2.0464E+03  7.3334E+03 -3.0044E-14  0.0000E+00  1.8105E+03  0.0000E+00
    20.900000
  4.3133E+03  2.2611E+03  2.1752E+03  7.7948E+03  2.5904E-15  0.0000E+00  1.9244E+03  0.0000E+00
    21.000000
  4.5847E+03  2.4034E+03  2.3121E+03  8.2853E+03  3.6045E-14  0.0000E+00  2.0455E+03  0.0000E+00
    21.100000
  4.8732E+03  2.5547E+03  2.4577E+03  8.8066E+03 -3.6603E-14  0.0000E+00  2.1742E+03  0.0000E+00
    21.200000
  5.1799E+03  2.7156E+03  2.6123E+03  9.3608E+03 -4.8447E-14  0.0000E+00  2.3110E+03  0.0000E+00
    21.300000
  5.5058E+03  2.8865E+03  2.7768E+03  9.9498E+03  2.1390E-15  0.0000E+00  2.4564E+03  0.0000E+00
    21.400000
  5.8523E+03  3.0682E+03  2.9515E+03  1.0576E+04  1.3693E-14  0.0000E+00  2.6110E+03  0.0000E+00
    21.500000
  6.2205E+03  3.2613E+03  3.1373E+03  1.1241E+04 -4.5104E-14  0.0000E+00  2.7753E+03  0.0000E+00
    21.600000
  6.6119E+03  3.4666E+03  3.3347E+03  1.1949E+04 -8.2292E-15  0.0000E+00  2.9499E+03  0.0000E+00
    21.700000
  7.0280E+03  3.6848E+03  3.5446E+03  1.2701E+04 -3.2030E-14  0.0000E+00  3.1356E+03  0.0000E+00
    21.800000
  7.4702E+03  3.9168E+03  3.7677E+03  1.3500E+04  5.1253E-15  0.0000E+00  3.3329E+03  0.0000E+00
