     0.000000
  5.89499015649218E-02  5.18154555723678E-09  8.69198159308351E-08  9.47288773289196E-02  0.00000000000000E+00  0.00000000000000E+00  0.00000000000000E+00  0.00000000000000E+00
     0.100000
  5.65158545518032E-02  3.18612427450486E-03  7.12487835063509E-03  9.04916957628494E-02 -1.79112502871646E-19  0.00000000000000E+00  3.20309487146259E-03  0.00000000000000E+00
     0.200000
  5.27754022603629E-02  1.04342207008970E-02  1.98715259292050E-02  8.46544573989031E-02 -4.38347179133414E-19  0.00000000000000E+00  5.60339655323093E-03  0.00000000000000E+00
     0.300000
  4.90844492046554E-02  1.82564914787153E-02  3.26532938286277E-02  8.01224648205004E-02 -2.08830445236384E-19  0.00000000000000E+00  7.36565479110197E-03  0.00000000000000E+00
     0.400000
  4.61700659968425E-02  2.46730748169575E-02  4.34941676327918E-02  7.84943871368311E-02 -2.60985839092848E-19  0.00000000000000E+00  8.76642744640858E-03  0.00000000000000E+00
     0.500000
  4.44413963083293E-02  2.80643602790568E-02  5.13433701952496E-02  8.08861340247908E-02 -5.36663950374014E-19  0.00000000000000E+00  9.95370327118131E-03  0.00000000000000E+00
     0.600000
  4.37279813761542E-02  2.89608805388083E-02  5.73970304815525E-02  8.69589392717757E-02 -2.86927308653915E-19  0.00000000000000E+00  1.11727278908285E-02  0.00000000000000E+00
     0.700000
  4.36297314668522E-02  2.91574792678625E-02  6.10673143874320E-02  9.57724066561998E-02 -1.61429784533915E-19  0.00000000000000E+00  1.25254210175003E-02  0.00000000000000E+00
     0.800000
  4.37070558994614E-02  3.09638787687891E-02  6.34432763709693E-02  1.05948471994958E-01 -5.10794861621005E-20  0.00000000000000E+00  1.39948649461131E-02  0.00000000000000E+00
     0.900000
  4.37283291318719E-02  3.48063534348660E-02  6.73958500469667E-02  1.16501200684501E-01  5.36131515435455E-20  0.00000000000000E+00  1.54727160043731E-02  0.00000000000000E+00
     1.000000
  4.40268722262455E-02  3.82643366772094E-02  7.34578338952499E-02  1.28039026479782E-01 -2.24977353801429E-19  0.00000000000000E+00  1.67823089268690E-02  0.00000000000000E+00
     1.100000
  4.49275223972225E-02  3.97159288047327E-02  7.92294993256054E-02  1.41319410129179E-01 -1.34817090071558E-19  0.00000000000000E+00  1.80275498167097E-02  0.00000000000000E+00
     1.200000
  4.64042614247558E-02  3.99872000088371E-02  8.40250013593204E-02  1.56325271222396E-01  5.95895655219558E-19  0.00000000000000E+00  1.92926282688887E-02  0.00000000000000E+00
     1.300000
  4.83248786278950E-02  4.00235922927362E-02  8.89695633206530E-02  1.72698914206422E-01 -3.09032240542782E-19  0.00000000000000E+00  2.05589410238470E-02  0.00000000000000E+00
     1.400000
  5.05731933386121E-02  3.96980428574782E-02  9.43993650931108E-02  1.90033698544506E-01  4.51319129232870E-19  0.00000000000000E+00  2.18571586676968E-02  0.00000000000000E+00
     1.500000
  5.31312043277370E-02  3.90183978053231E-02  1.00027729004384E-01  2.08188309484510E-01 -1.34309274573812E-19  0.00000000000000E+00  2.31778305506755E-02  0.00000000000000E+00
     1.600000
  5.60172504798197E-02  3.78375461782362E-02  1.04893961436823E-01  2.27121401341629E-01  1.74657470664174E-19  0.00000000000000E+00  2.45599459247404E-02  0.00000000000000E+00
     1.700000
  5.91688034886818E-02  3.65083362169432E-02  1.09409638128281E-01  2.46560754267535E-01  1.25435610033405E-19  0.00000000000000E+00  2.60041896108973E-02  0.00000000000000E+00
     1.800000
  6.25575000528064E-02  3.54922442382843E-02  1.14191809953519E-01  2.66345706099657E-01  1.62247930343134E-20  0.00000000000000E+00  2.74724706669597E-02  0.00000000000000E+00
     1.900000
  6.61386645915626E-02  3.50669228602904E-02  1.19519663212152E-01  2.86297312792637E-01 -2.07990098741081E-20  0.00000000000000E+00  2.90003121342450E-02  0.00000000000000E+00
     2.000000
  6.98258246038735E-02  3.59484088074748E-02  1.25242149327349E-01  3.06156892605811E-01  4.18619419398357E-19  0.00000000000000E+00  3.05839034344852E-02  0.00000000000000E+00
     2.100000
  7.36372343309648E-02  3.78685158127647E-02  1.31823114860593E-01  3.26026169137858E-01 -2.79273283429657E-19  0.00000000000000E+00  3.21638393416819E-02  0.00000000000000E+00
     2.200000
  7.76390962807197E-02  4.01153487456433E-02  1.39924216264461E-01  3.46119812386014E-01  4.75113673799826E-19  0.00000000000000E+00  3.37397016999499E-02  0.00000000000000E+00
     2.300000
  8.18797803072582E-02  4.22527667615643E-02  1.49352524388150E-01  3.66592391473502E-01  1.86065007089020E-19  0.00000000000000E+00  3.53300054858350E-02  0.00000000000000E+00
     2.400000
  8.63656982149896E-02  4.42751332914412E-02  1.59707833154907E-01  3.87508716686594E-01 -2.09107806980725E-19  0.00000000000000E+00  3.69693579240184E-02  0.00000000000000E+00
     2.500000
  9.10528806055718E-02  4.68518835788735E-02  1.70013415023707E-01  4.08811177559856E-01 -9.35085330278717E-19  0.00000000000000E+00  3.86738568732266E-02  0.00000000000000E+00
     2.600000
  9.59359066927534E-02  5.02203381324800E-02  1.79884705903798E-01  4.30592390481964E-01  6.52944664614908E-19  0.00000000000000E+00  4.04157458555017E-02  0.00000000000000E+00
     2.700000
  1.01057424315094E-01  5.42758588445538E-02  1.89329663187738E-01  4.53076323974762E-01 -2.08815618650785E-19  0.00000000000000E+00  4.22043383130190E-02  0.00000000000000E+00
     2.800000
  1.06450796441929E-01  5.89277499497213E-02  1.98212312681110E-01  4.76463403074479E-01 -9.89597599261587E-19  0.00000000000000E+00  4.40462728003150E-02  0.00000000000000E+00
     2.900000
  1.12159951950801E-01  6.37674175729158E-02  2.06849523909670E-01  5.00998762739128E-01 -3.48844930125345E-19  0.00000000000000E+00  4.59414667055186E-02  0.00000000000000E+00
     3.000000
  1.18215299659421E-01  6.83907329810014E-02  2.15738987339698E-01  5.26809397251318E-01 -3.57979759534144E-19  0.00000000000000E+00  4.79162370069703E-02  0.00000000000000E+00
     3.100000
  1.24609731300459E-01  7.26934766206223E-02  2.25294381380032E-01  5.53846460349006E-01 -1.74496450940171E-18  0.00000000000000E+00  4.99855438189572E-02  0.00000000000000E+00
     3.200000
  1.31323516722224E-01  7.68092976469335E-02  2.35595647301997E-01  5.81993852872030E-01  1.14419269113242E-18  0.00000000000000E+00  5.21579352585440E-02  0.00000000000000E+00
     3.300000
  1.38331076961051E-01  8.10064569984537E-02  2.46321844227031E-01  6.11121411874728E-01  5.98778123863437E-19  0.00000000000000E+00  5.44261842334050E-02  0.00000000000000E+00
     3.400000
  1.45640293865863E-01  8.52927489181754E-02  2.57305851364605E-01  6.41256493073574E-01  1.16302328197007E-18  0.00000000000000E+00  5.67786242119884E-02  0.00000000000000E+00
     3.500000
  1.53274035258687E-01  8.94386728340736E-02  2.68949570195992E-01  6.72465933177762E-01 -1.40361370383559E-18  0.00000000000000E+00  5.92392801694640E-02  0.00000000000000E+00
     3.600000
  1.61224098981993E-01  9.34565569325929E-02  2.81511889049342E-01  7.04701242602041E-01 -1.06381783636069E-18  0.00000000000000E+00  6.18193697051292E-02  0.00000000000000E+00
     3.700000
  1.69490942408708E-01  9.74468081092634E-02  2.94769245372807E-01  7.37967631938122E-01 -1.98798079684941E-18  0.00000000000000E+00  6.45139548840477E-02  0.00000000000000E+00
     3.800000
  1.78085207979127E-01  1.01432304902954E-01  3.08710081871519E-01  7.72312368398755E-01  1.25758485404618E-20  0.00000000000000E+00  6.73357029205814E-02  0.00000000000000E+00
     3.900000
  1.87015313225669E-01  1.05493203609044E-01  3.23219854630653E-01  8.07824546138122E-01 -4.61434628907277E-19  0.00000000000000E+00  7.02923326948034E-02  0.00000000000000E+00
     4.000000
  1.96302520580271E-01  1.09620183748575E-01  3.38232285083600E-01  8.44687546511335E-01  2.07545623860921E-19  0.00000000000000E+00  7.33940350995550E-02  0.00000000000000E+00
     4.100000
  2.05957752581569E-01  1.13845768009147E-01  3.53871334289093E-01  8.83045278868186E-01 -4.49027212406575E-19  0.00000000000000E+00  7.66457449378457E-02  0.00000000000000E+00
     4.200000
  2.15996102461375E-01  1.18207217804637E-01  3.69986985733593E-01  9.23030766650369E-01 -1.49911163770990E-18  0.00000000000000E+00  8.00410404616338E-02  0.00000000000000E+00
     4.300000
  2.26436245536330E-01  1.22703203668530E-01  3.86774019014494E-01  9.64712915741426E-01 -1.88206800584399E-18  0.00000000000000E+00  8.35932620192733E-02  0.00000000000000E+00
     4.400000
  2.37273954990091E-01  1.27555855439190E-01  4.04407317162326E-01  1.00804001057368E+00  6.62238764801021E-19  0.00000000000000E+00  8.73066384637811E-02  0.00000000000000E+00
     4.500000
  2.48528524956267E-01  1.32953052965866E-01  4.22556397732743E-01  1.05307007671331E+00 -1.01889379759207E-19  0.00000000000000E+00  9.11690244272447E-02  0.00000000000000E+00
     4.600000
  2.60247333910657E-01  1.38893266413589E-01  4.41091862474528E-01  1.09997461893468E+00 -3.62545946898551E-18  0.00000000000000E+00  9.51892727676361E-02  0.00000000000000E+00
     4.700000
  2.72477080725756E-01  1.45318770031765E-01  4.59998557529257E-01  1.14894548671620E+00  8.45703526390227E-19  0.00000000000000E+00  9.93826089665251E-02  0.00000000000000E+00
     4.800000
  2.85261807896548E-01  1.52092464040540E-01  4.79416151440671E-01  1.20015160918524E+00 -1.98637000011315E-18  0.00000000000000E+00  1.03769678610173E-01  0.00000000000000E+00
     4.900000
  2.98613647675421E-01  1.59167517887118E-01  4.99757824970708E-01  1.25361444697717E+00 -1.84330024707484E-18  0.00000000000000E+00  1.08373461041744E-01  0.00000000000000E+00
     5.000000
  3.12527550045547E-01  1.66596430802786E-01  5.21163822079768E-01  1.30931143073262E+00 -9.28664603725345E-19  0.00000000000000E+00  1.13196949594690E-01  0.00000000000000E+00
     5.100000
  3.27003254097904E-01  1.74414372765497E-01  5.43692008605989E-01  1.36725389645801E+00 -1.14158321765000E-18  0.00000000000000E+00  1.18249088048437E-01  0.00000000000000E+00
     5.200000
  3.42030195704606E-01  1.82751846198422E-01  5.67427634231216E-01  1.42745597608449E+00 -1.84535259198045E-18  0.00000000000000E+00  1.23533820464895E-01  0.00000000000000E+00
     5.300000
  3.57617209949894E-01  1.91702746245485E-01  5.92101239719703E-01  1.49003561533623E+00 -5.70249955227768E-20  0.00000000000000E+00  1.29036337583760E-01  0.00000000000000E+00
     5.400000
  3.73792341791375E-01  2.01221252666405E-01  6.17514796596534E-01  1.55515359406921E+00  1.09896775863179E-18  0.00000000000000E+00  1.34758459853881E-01  0.00000000000000E+00
     5.500000
  3.90571111515992E-01  2.11281316272338E-01  6.43700676396544E-01  1.62290887864201E+00 -6.44302951442714E-19  0.00000000000000E+00  1.40707314349492E-01  0.00000000000000E+00
     5.600000
  4.07962680347759E-01  2.21886191407223E-01  6.70667509849951E-01  1.69336732232699E+00 -2.50752596248097E-18  0.00000000000000E+00  1.46889611310341E-01  0.00000000000000E+00
     5.700000
  4.25963847257746E-01  2.33108210315692E-01  6.98550111874506E-01  1.76656318607864E+00 -1.10794190154918E-18  0.00000000000000E+00  1.53314670633928E-01  0.00000000000000E+00
     5.800000
  4.44577460682213E-01  2.45059727259469E-01  7.27235098885249E-01  1.84259433406139E+00 -1.61312402234791E-18  0.00000000000000E+00  1.59973462420617E-01  0.00000000000000E+00
     5.900000
  4.63835404026870E-01  2.57730060566615E-01  7.56414502895725E-01  1.92166097915420E+00  2.07325313800766E-18  0.00000000000000E+00  1.66864382888297E-01  0.00000000000000E+00
     6.000000
  4.83769326211829E-01  2.71076548550700E-01  7.86032859549189E-01  2.00394764675967E+00 -1.90746919143038E-19  0.00000000000000E+00  1.73998663649044E-01  0.00000000000000E+00
     6.100000
  5.04406654494093E-01  2.85054204046327E-01  8.16010391974167E-01  2.08961397945935E+00 -5.03286292660298E-19  0.00000000000000E+00  1.81382786177827E-01  0.00000000000000E+00
     6.200000
  5.25768838821482E-01  2.99585355044562E-01  8.46399188305970E-01  2.17879548488948E+00  2.46253520493048E-18  0.00000000000000E+00  1.89034028048406E-01  0.00000000000000E+00
     6.300000
  5.47858714998797E-01  3.14681560759971E-01  8.77377326809983E-01  2.27159002783394E+00 -3.48917149549758E-18  0.00000000000000E+00  1.96965588311407E-01  0.00000000000000E+00
     6.400000
  5.70685099245822E-01  3.30381744046570E-01  9.08929485447612E-01  2.36812811739918E+00 -2.81447706560382E-18  0.00000000000000E+00  2.05179355579579E-01  0.00000000000000E+00
     6.500000
  5.94269400702059E-01  3.46706220839168E-01  9.41055776812515E-01  2.46856575670217E+00  5.16850080047903E-19  0.00000000000000E+00  2.13679631270583E-01  0.00000000000000E+00
     6.600000
  6.18646346464872E-01  3.63655353794334E-01  9.73696359389033E-01  2.57306501044366E+00 -9.42213474983569E-18  0.00000000000000E+00  2.22466105671869E-01  0.00000000000000E+00
     6.700000
  6.43866352786454E-01  3.81145248778576E-01  1.00681140845394E+00  2.68178204211998E+00  6.37085103442391E-18  0.00000000000000E+00  2.31550031421518E-01  0.00000000000000E+00
     6.800000
  6.69966649463418E-01  3.99137865318395E-01  1.04064230000818E+00  2.79478818795364E+00  1.75796431135498E-18  0.00000000000000E+00  2.40955630872122E-01  0.00000000000000E+00
     6.900000
  6.96972052914938E-01  4.17688940071778E-01  1.07544916756924E+00  2.91209944565266E+00 -5.43115413108624E-18  0.00000000000000E+00  2.50698077992656E-01  0.00000000000000E+00
     7.000000
  7.24914119232056E-01  4.36873923130586E-01  1.11141905857611E+00  3.03375099337458E+00  3.69222395965506E-18  0.00000000000000E+00  2.60790683490775E-01  0.00000000000000E+00
     7.100000
  7.53835334737143E-01  4.56783998479649E-01  1.14869947970195E+00  3.15981492233279E+00 -4.81145419270284E-18  0.00000000000000E+00  2.71245390148348E-01  0.00000000000000E+00
     7.200000
  7.83800001887419E-01  4.77458470654531E-01  1.18732178245628E+00  3.29043409689483E+00 -3.82965440905270E-18  0.00000000000000E+00  2.82075512705742E-01  0.00000000000000E+00
     7.300000
  8.14883382622137E-01  4.98888029042879E-01  1.22738834623062E+00  3.42579528003253E+00 -2.54282608993660E-19  0.00000000000000E+00  2.93308074686066E-01  0.00000000000000E+00
     7.400000
  8.47156141981315E-01  5.21075531434680E-01  1.26909619479983E+00  3.56609428792452E+00  1.96549584702877E-18  0.00000000000000E+00  3.04973148729938E-01  0.00000000000000E+00
     7.500000
  8.80687591037866E-01  5.44025947588411E-01  1.31263008962223E+00  3.71155249912329E+00 -3.88490077677823E-18  0.00000000000000E+00  3.17101970959719E-01  0.00000000000000E+00
     7.600000
  9.15542261527641E-01  5.67779313705710E-01  1.35822951630894E+00  3.86240234111575E+00  1.06452028681296E-18  0.00000000000000E+00  3.29727479720252E-01  0.00000000000000E+00
     7.700000
  9.51788380971239E-01  5.92398808182924E-01  1.40606942476853E+00  4.01890723082424E+00 -5.88972959768364E-18  0.00000000000000E+00  3.42875226916654E-01  0.00000000000000E+00
     7.800000
  9.89509160892705E-01  6.17903593582332E-01  1.45623300854254E+00  4.18139095670308E+00  3.61481172795286E-18  0.00000000000000E+00  3.56572967629440E-01  0.00000000000000E+00
     7.900000
  1.02879364302738E+00  6.44288542202128E-01  1.50885005783270E+00  4.35020504707064E+00 -3.38866555103623E-18  0.00000000000000E+00  3.70855371583471E-01  0.00000000000000E+00
     8.000000
  1.06973013626664E+00  6.71550472784651E-01  1.56407374226308E+00  4.52571182388117E+00 -1.24628770900012E-18  0.00000000000000E+00  3.85759966545473E-01  0.00000000000000E+00
     8.100000
  1.11240065540005E+00  6.99711351129316E-01  1.62212527405455E+00  4.70827180829567E+00 -5.64933650979684E-18  0.00000000000000E+00  4.01327506146565E-01  0.00000000000000E+00
     8.200000
  1.15688070840615E+00  7.28844572783874E-01  1.68325553143891E+00  4.89824164194855E+00  3.61161939534145E-18  0.00000000000000E+00  4.17593302622532E-01  0.00000000000000E+00
     8.300000
  1.20325317296331E+00  7.59024883987827E-01  1.74763225815998E+00  5.09601140720933E+00 -7.83034557874080E-18  0.00000000000000E+00  4.34587553281007E-01  0.00000000000000E+00
     8.400000
  1.25161143801883E+00  7.90306588843781E-01  1.81541048941706E+00  5.30200549062299E+00 -2.06197244627986E-17  0.00000000000000E+00  4.52343544472520E-01  0.00000000000000E+00
     8.500000
  1.30205592328588E+00  8.22734969229369E-01  1.88674847586706E+00  5.51667052669874E+00 -4.65657562283507E-18  0.00000000000000E+00  4.70896687616856E-01  0.00000000000000E+00
     8.600000
  1.35469207706152E+00  8.56338459436129E-01  1.96181906512204E+00  5.74047561061173E+00 -2.03804134100060E-17  0.00000000000000E+00  4.90286704448651E-01  0.00000000000000E+00
     8.700000
  1.40962274182942E+00  8.91163277534010E-01  2.04086370403338E+00  5.97389102066880E+00  1.82989739312651E-17  0.00000000000000E+00  5.10556412177565E-01  0.00000000000000E+00
     8.800000
  1.46694916465861E+00  9.27285694129604E-01  2.12413261338632E+00  6.21739286922612E+00  3.35665960701147E-17  0.00000000000000E+00  5.31745653324474E-01  0.00000000000000E+00
     8.900000
  1.52677762174997E+00  9.64791408469375E-01  2.21185684572521E+00  6.47148179901708E+00 -1.43570850756487E-17  0.00000000000000E+00  5.53892497568637E-01  0.00000000000000E+00
     9.000000
  1.58922298583882E+00  1.00376663327391E+00  2.30424645729294E+00  6.73668759115112E+00 -3.58844661059272E-18  0.00000000000000E+00  5.77033613165213E-01  0.00000000000000E+00
     9.100000
  1.65441325049672E+00  1.04427166605063E+00  2.40147046186449E+00  7.01357929192385E+00 -3.14774269558336E-18  0.00000000000000E+00  6.01206406151489E-01  0.00000000000000E+00
     9.200000
  1.72248571113262E+00  1.08634669216749E+00  2.50371858189652E+00  7.30274843987964E+00 -1.70603514009954E-18  0.00000000000000E+00  6.26453595373129E-01  0.00000000000000E+00
     9.300000
  1.79358041657606E+00  1.13004327814685E+00  2.61122265699776E+00  7.60478545462899E+00  1.23143325813915E-17  0.00000000000000E+00  6.52819965622294E-01  0.00000000000000E+00
     9.400000
  1.86784133313572E+00  1.17542415149349E+00  2.72421802476403E+00  7.92028183076457E+00 -5.81429968502396E-18  0.00000000000000E+00  6.80350034082719E-01  0.00000000000000E+00
     9.500000
  1.94541786515771E+00  1.22256145853172E+00  2.84294248257331E+00  8.24982938584615E+00 -7.44869433579015E-18  0.00000000000000E+00  7.09088958748916E-01  0.00000000000000E+00
     9.600000
  2.02646737587477E+00  1.27152984865752E+00  2.96761226704902E+00  8.59402715235630E+00 -7.42150576352149E-18  0.00000000000000E+00  7.39082464549492E-01  0.00000000000000E+00
     9.700000
  2.11115654704081E+00  1.32239288082350E+00  3.09842352975572E+00  8.95349000579261E+00 -3.93395532469115E-17  0.00000000000000E+00  7.70380244280815E-01  0.00000000000000E+00
     9.800000
  2.19965712182673E+00  1.37521340959990E+00  3.23558689353387E+00  9.32884139914003E+00 -1.53280909731991E-17  0.00000000000000E+00  8.03037163601766E-01  0.00000000000000E+00
     9.900000
  2.29214332341553E+00  1.43006109167867E+00  3.37931541759703E+00  9.72071488476501E+00  7.15638043157643E-18  0.00000000000000E+00  8.37111514136226E-01  0.00000000000000E+00
    10.000000
  2.38879027216657E+00  1.48701694489197E+00  3.52983013936994E+00  1.01297557395036E+01  9.88200149277832E-18  0.00000000000000E+00  8.72665178159340E-01  0.00000000000000E+00
    10.100000
  2.48977291428737E+00  1.54618386382823E+00  3.68735469795374E+00  1.05566234350001E+01 -1.00267781608246E-17  0.00000000000000E+00  9.09761669972177E-01  0.00000000000000E+00
    10.200000
  2.59526928919809E+00  1.60767456239116E+00  3.85208332203844E+00  1.10020090728617E+01  7.37398376663123E-18  0.00000000000000E+00  9.48465537406168E-01  0.00000000000000E+00
    10.300000
  2.70546168198607E+00  1.67160262188709E+00  4.02419825129422E+00  1.14666423607701E+01  7.64261666412180E-18  0.00000000000000E+00  9.88844716286907E-01  0.00000000000000E+00
    10.400000
  2.82053507082857E+00  1.73808906006547E+00  4.20388470225934E+00  1.19512904741814E+01  4.90556117895528E-18  0.00000000000000E+00  1.03097027286897E+00  0.00000000000000E+00
    10.500000
  2.94067632829392E+00  1.80726629510878E+00  4.39133756541789E+00  1.24567567908104E+01  8.25125107304851E-19  0.00000000000000E+00  1.07491587817840E+00  0.00000000000000E+00
    10.600000
  3.06607292246952E+00  1.87928968773048E+00  4.58677655962769E+00  1.29838726849149E+01  1.45341504854947E-17  0.00000000000000E+00  1.12075667418367E+00  0.00000000000000E+00
    10.700000
  3.19691486386045E+00  1.95433888312277E+00  4.79042722760823E+00  1.35334991986849E+01 -3.23382417528057E-17  0.00000000000000E+00  1.16856716645010E+00  0.00000000000000E+00
    10.800000
  3.33339837081740E+00  2.03260671747794E+00  5.00251717540573E+00  1.41065321696112E+01  2.77816088797440E-17  0.00000000000000E+00  1.21842232241644E+00  0.00000000000000E+00
    10.900000
  3.47572727348197E+00  2.11429751516757E+00  5.22328904545731E+00  1.47039019757651E+01 -2.19715929679697E-17  0.00000000000000E+00  1.27039853363935E+00  0.00000000000000E+00
    11.000000
  3.62411485604153E+00  2.19962090749649E+00  5.45299612624409E+00  1.53265769762000E+01  1.52430707932533E-18  0.00000000000000E+00  1.32457386102809E+00  0.00000000000000E+00
    11.100000
  3.77878425840200E+00  2.28878899510952E+00  5.69191930255098E+00  1.59755597415247E+01 -9.76948715828476E-18  0.00000000000000E+00  1.38102955676257E+00  0.00000000000000E+00
    11.200000
  3.93996765652175E+00  2.38202346336216E+00  5.94037625849632E+00  1.66518805235341E+01 -2.65989075912777E-17  0.00000000000000E+00  1.43984969620943E+00  0.00000000000000E+00
    11.300000
  4.10790753102865E+00  2.47955399431826E+00  6.19871229329475E+00  1.73565982387764E+01 -1.35261838121262E-18  0.00000000000000E+00  1.50112101178814E+00  0.00000000000000E+00
    11.400000
  4.28285775686745E+00  2.58161737341963E+00  6.46730430629920E+00  1.80908025742322E+01  2.16173328916318E-18  0.00000000000000E+00  1.56493380318292E+00  0.00000000000000E+00
    11.500000
  4.46508522403096E+00  2.68845488473084E+00  6.74655033596339E+00  1.88556219637755E+01  3.31902621899062E-17  0.00000000000000E+00  1.63138202433907E+00  0.00000000000000E+00
    11.600000
  4.65487160859031E+00  2.80030466231249E+00  7.03686823766440E+00  1.96522321440750E+01  2.82299328624359E-17  0.00000000000000E+00  1.70056478550603E+00  0.00000000000000E+00
    11.700000
  4.85251295542296E+00  2.91740443274322E+00  7.33870852755397E+00  2.04818582686676E+01  1.31019797956929E-17  0.00000000000000E+00  1.77258723278247E+00  0.00000000000000E+00
    11.800000
  5.05832005293173E+00  3.03999224364320E+00  7.65254668613326E+00  2.13457799856788E+01 -1.81254915426417E-18  0.00000000000000E+00  1.84756014801751E+00  0.00000000000000E+00
    11.900000
  5.27261923137609E+00  3.16830440303402E+00  7.97888450980059E+00  2.22453375183409E+01  6.97208212282441E-18  0.00000000000000E+00  1.92560076932203E+00  0.00000000000000E+00
    12.000000
  5.49575272222997E+00  3.30257815404890E+00  8.31824968111578E+00  2.31819388865664E+01  4.92589371543346E-18  0.00000000000000E+00  2.00683284581576E+00  0.00000000000000E+00
    12.100000
  5.72808026747915E+00  3.44304815382347E+00  8.67118541612271E+00  2.41570715974610E+01  1.92617726551323E-17  0.00000000000000E+00  2.09138677447325E+00  0.00000000000000E+00
    12.200000
  5.96998004738271E+00  3.58994470442318E+00  9.03825550364696E+00  2.51723106464494E+01 -2.27885782142203E-17  0.00000000000000E+00  2.17940046417317E+00  0.00000000000000E+00
    12.300000
  6.22184925227656E+00  3.74349464675247E+00  9.42004335283305E+00  2.62293236177700E+01 -2.55359588874942E-18  0.00000000000000E+00  2.27101917462662E+00  0.00000000000000E+00
    12.400000
  6.48410494068771E+00  3.90391980886074E+00  9.81715389622829E+00  2.73298740437545E+01 -2.15557902381897E-18  0.00000000000000E+00  2.36639601547456E+00  0.00000000000000E+00
    12.500000
  6.75718386867879E+00  4.07144187860530E+00  1.02302234848939E+01  2.84758210750748E+01  2.32073622601449E-17  0.00000000000000E+00  2.46569226887683E+00  0.00000000000000E+00
    12.600000
  7.04154318212441E+00  4.24628579705007E+00  1.06599148417992E+01  2.96691222655052E+01  2.27468693268198E-17  0.00000000000000E+00  2.56907690053103E+00  0.00000000000000E+00
    12.700000
  7.33766178512184E+00  4.42867942297724E+00  1.11069166870232E+01  3.09118379549851E+01  8.67032181382775E-17  0.00000000000000E+00  2.67672707785086E+00  0.00000000000000E+00
    12.800000
  7.64604118804024E+00  4.61885629555728E+00  1.15719478044602E+01  3.22061335288489E+01  1.70470590284522E-16  0.00000000000000E+00  2.78882843793468E+00  0.00000000000000E+00
    12.900000
  7.96720672339435E+00  4.81705613446895E+00  1.20557567805486E+01  3.35542816084319E+01  1.26192136673733E-17  0.00000000000000E+00  2.90557537458835E+00  0.00000000000000E+00
    13.000000
  8.30170808752909E+00  5.02352747867172E+00  1.25591316529846E+01  3.49586613631805E+01 -5.51810104489271E-17  0.00000000000000E+00  3.02717183484022E+00  0.00000000000000E+00
    13.100000
  8.65011954717081E+00  5.23853362229182E+00  1.30829048997917E+01  3.64217573351660E+01  3.49327684815831E-17  0.00000000000000E+00  3.15383133005079E+00  0.00000000000000E+00
    13.200000
  9.01304082647707E+00  5.46235584642579E+00  1.36279540094931E+01  3.79461611215135E+01  4.94603218569248E-17  0.00000000000000E+00  3.28577717501158E+00  0.00000000000000E+00
    13.300000
  9.39109788980786E+00  5.69529806196347E+00  1.41952067717897E+01  3.95345734391089E+01  9.96326465145038E-18  0.00000000000000E+00  3.42324278339381E+00  0.00000000000000E+00
    13.400000
  9.78494437401760E+00  5.93768940188712E+00  1.47856382039235E+01  4.11898083417359E+01  6.74681558052713E-17  0.00000000000000E+00  3.56647159047247E+00  0.00000000000000E+00
    13.500000
  1.01952633559710E+01  6.18988337278715E+00  1.54002713591118E+01  4.29147980410661E+01 -2.22600626390978E-17  0.00000000000000E+00  3.71571772930750E+00  0.00000000000000E+00
    13.600000
  1.06227683619487E+01  6.45225979492419E+00  1.60401838668615E+01  4.47125955141318E+01  1.11941119849522E-16  0.00000000000000E+00  3.87124665013667E+00  0.00000000000000E+00
    13.700000
  1.10682043535576E+01  6.72522649156203E+00  1.67065094458733E+01  4.65863779273154E+01 -2.71212386735833E-17  0.00000000000000E+00  4.03333548689210E+00  0.00000000000000E+00
    13.800000
  1.15323485687287E+01  7.00922143174481E+00  1.74004422113692E+01  4.85394507137834E+01 -4.33203513622212E-17  0.00000000000000E+00  4.20227357469663E+00  0.00000000000000E+00
    13.900000
  1.20160114896947E+01  7.30471555024158E+00  1.81232360659261E+01  5.05752529024760E+01  6.84752955148799E-17  0.00000000000000E+00  4.37836249036136E+00  0.00000000000000E+00
    14.000000
  1.25200384985254E+01  7.61221186103156E+00  1.88762004520432E+01  5.26973647358492E+01 -1.76412209344806E-16  0.00000000000000E+00  4.56191630970647E+00  0.00000000000000E+00
    14.100000
  1.30453113224766E+01  7.93224451715273E+00  1.96607017426562E+01  5.49095142894297E+01 -1.03194183223822E-16  0.00000000000000E+00  4.75326220896167E+00  0.00000000000000E+00
    14.200000
  1.35927492973893E+01  8.26537815488648E+00  2.04781625464283E+01  5.72155834435840E+01  4.02480551124049E-17  0.00000000000000E+00  4.95274087647899E+00  0.00000000000000E+00
    14.300000
  1.41633105013139E+01  8.61220679146282E+00  2.13300626209257E+01  5.96196138599626E+01  7.34309796963202E-17  0.00000000000000E+00  5.16070717780809E+00  0.00000000000000E+00
    14.400000
  1.47579924430158E+01  8.97335508476652E+00  2.22179415406196E+01  6.21258123549687E+01 -5.92838225338012E-17  0.00000000000000E+00  5.37753065415394E+00  0.00000000000000E+00
    14.500000
  1.53778330523200E+01  9.34947891220862E+00  2.31433964223220E+01  6.47385580705839E+01 -1.09783433826746E-16  0.00000000000000E+00  5.60359574287236E+00  0.00000000000000E+00
    14.600000
  1.60239120072220E+01  9.74126453792509E+00  2.41080804558835E+01  6.74624110601810E+01  1.52613680828362E-16  0.00000000000000E+00  5.83930225324350E+00  0.00000000000000E+00
    14.700000
  1.66973521339125E+01  1.01494277682219E+01  2.51137021286090E+01  7.03021210578380E+01  1.55109359121025E-16  0.00000000000000E+00  6.08506582036080E+00  0.00000000000000E+00
    14.800000
  1.73993209459977E+01  1.05747122580165E+01  2.61620250664923E+01  7.32626366136083E+01 -8.49982657242437E-17  0.00000000000000E+00  6.34131851338766E+00  0.00000000000000E+00
    14.900000
  1.81310318591124E+01  1.10178894306952E+01  2.72548728233794E+01  7.63491130490536E+01  2.39218348450584E-16  0.00000000000000E+00  6.60850957001577E+00  0.00000000000000E+00
    15.000000
  1.88937453461835E+01  1.14797602224130E+01  2.83941330301040E+01  7.95669200248911E+01 -4.36144707646818E-17  0.00000000000000E+00  6.88710577750364E+00  0.00000000000000E+00
    15.100000
  1.96887705623964E+01  1.19611564254595E+01  2.95817599792470E+01  8.29216500461715E+01 -2.67497884789195E-17  0.00000000000000E+00  7.17759181979573E+00  0.00000000000000E+00
    15.200000
  2.05174673560259E+01  1.24629421372574E+01  3.08197787241942E+01  8.64191269387847E+01  1.83219103000285E-17  0.00000000000000E+00  7.48047065576725E+00  0.00000000000000E+00
    15.300000
  2.13812488072193E+01  1.29860145239692E+01  3.21102882500895E+01  9.00654144587253E+01  3.77020163620578E-17  0.00000000000000E+00  7.79626393655238E+00  0.00000000000000E+00
    15.400000
  2.22815840697068E+01  1.35313040699308E+01  3.34554672316409E+01  9.38668242887451E+01 -2.30632248995546E-18  0.00000000000000E+00  8.12551277094227E+00  0.00000000000000E+00
    15.500000
  2.32200011541361E+01  1.40997763149427E+01  3.48575826590130E+01  9.78299225945528E+01 -1.96197979927226E-16  0.00000000000000E+00  8.46877857837609E+00  0.00000000000000E+00
    15.600000
  2.41980898619349E+01  1.46924342781050E+01  3.63189975483636E+01  1.01961536480534E+02  4.07979252504121E-17  0.00000000000000E+00  8.82664395685453E+00  0.00000000000000E+00
    15.700000
  2.52175049036513E+01  1.53103213254445E+01  3.78421793818730E+01  1.06268760731778E+02 -3.92396829843975E-17  0.00000000000000E+00  9.19971367630064E+00  0.00000000000000E+00
    15.800000
  2.62799693285374E+01  1.59545241275448E+01  3.94297067257931E+01  1.10758965577215E+02 -2.55597855334157E-17  0.00000000000000E+00  9.58861568141676E+00  0.00000000000000E+00
    15.900000
  2.73872783985302E+01  1.66261741466661E+01  4.10842741866750E+01  1.15439806363641E+02 -9.51977010817702E-17  0.00000000000000E+00  9.99400234827959E+00  0.00000000000000E+00
    16.000000
  2.85413035090641E+01  1.73264488517545E+01  4.28086993363502E+01  1.20319234239786E+02 -4.40937346862944E-16  0.00000000000000E+00  1.04165520641580E+01  0.00000000000000E+00
    16.100000
  2.97439959985494E+01  1.80565733542355E+01  4.46059295942365E+01  1.25405508059028E+02 -1.32192096204995E-16  0.00000000000000E+00  1.08569709071326E+01  0.00000000000000E+00
    16.200000
  3.09973908730853E+01  1.88178222960973E+01  4.64790491774972E+01  1.30707207971879E+02 -1.87290786771785E-16  0.00000000000000E+00  1.13159944251780E+01  0.00000000000000E+00
    16.300000
  3.23036104504972E+01  1.96115224885182E+01  4.84312856210679E+01  1.36233250753782E+02  1.21827858194991E-16  0.00000000000000E+00  1.17943893794313E+01  0.00000000000000E+00
    16.400000
  3.36648682050028E+01  2.04390550757654E+01  5.04660138761823E+01  1.41992907787855E+02 -1.56358622474607E-16  0.00000000000000E+00  1.22929554231280E+01  0.00000000000000E+00
    16.500000
  3.50834728234072E+01  2.13018568791829E+01  5.25867602164007E+01  1.47995825399201E+02  9.79282884290622E-17  0.00000000000000E+00  1.28125269111869E+01  0.00000000000000E+00
    16.600000
  3.65618323148536E+01  2.22014216912269E+01  5.47972065217733E+01  1.54252046941340E+02 -2.54932531658428E-16  0.00000000000000E+00  1.33539747573518E+01  0.00000000000000E+00
    16.700000
  3.81024581850491E+01  2.31393015004894E+01  5.71011945516467E+01  1.60772036590557E+02 -5.05829384823987E-17  0.00000000000000E+00  1.39182083026614E+01  0.00000000000000E+00
    16.800000
  3.97079695838231E+01  2.41171083266914E+01  5.95027314902858E+01  1.67566704075563E+02 -4.73696466288996E-17  0.00000000000000E+00  1.45061771749035E+01  0.00000000000000E+00
    16.900000
  4.13810975542973E+01  2.51365167056076E+01  6.20059952773351E+01  1.74647430280700E+02  3.43379659385017E-16  0.00000000000000E+00  1.51188729694720E+01  0.00000000000000E+00
    17.000000
  4.31246896439257E+01  2.61992658943025E+01  6.46153391906124E+01  1.82026093793849E+02  2.79395005671550E-16  0.00000000000000E+00  1.57573308607293E+01  0.00000000000000E+00
    17.100000
  4.49417148743915E+01  2.73071619101056E+01  6.73352972397109E+01  1.89715097741214E+02  1.29274077558190E-16  0.00000000000000E+00  1.64226312431155E+01  0.00000000000000E+00
    17.200000
  4.68352690772870E+01  2.84620794455960E+01  7.01705899900629E+01  1.97727396661494E+02 -5.06432920204394E-16  0.00000000000000E+00  1.71159014087202E+01  0.00000000000000E+00
    17.300000
  4.88085805103152E+01  2.96659638827273E+01  7.31261320115352E+01  2.06076522855269E+02 -3.53121759284490E-16  0.00000000000000E+00  1.78383173756945E+01  0.00000000000000E+00
    17.400000
  5.08650156308596E+01  3.09208342622060E+01  7.62070411614868E+01  2.14776611797303E+02 -1.54900916793957E-16  0.00000000000000E+00  1.85911057815111E+01  0.00000000000000E+00
    17.500000
  5.30080851559681E+01  3.22287868626847E+01  7.94186478980728E+01  2.23842427092865E+02 -1.45036715475542E-16  0.00000000000000E+00  1.93755458090153E+01  0.00000000000000E+00
    17.600000
  5.52414504524557E+01  3.35919991110469E+01  8.27665053819908E+01  2.33289385220523E+02  3.92226736837963E-16  0.00000000000000E+00  2.01929712557101E+01  0.00000000000000E+00
    17.700000
  5.75689302539668E+01  3.50127338915607E+01  8.62563998766059E+01  2.43133580480048E+02 -5.58152524583988E-18  0.00000000000000E+00  2.10447727306534E+01  0.00000000000000E+00
    17.800000
  5.99945077285233E+01  3.64933438368937E+01  8.98943612477774E+01  2.53391810636240E+02 -1.30741851457401E-15  0.00000000000000E+00  2.19324000567049E+01  0.00000000000000E+00
    17.900000
  6.25223377439880E+01  3.80362761204348E+01  9.36866747775137E+01  2.64081603189363E+02  1.11097246607372E-16  0.00000000000000E+00  2.28573648934217E+01  0.00000000000000E+00
    18.000000
  6.51567542926138E+01  3.96440779721993E+01  9.76398932088894E+01  2.75221242527584E+02 -1.93260475902690E-16  0.00000000000000E+00  2.38212434698610E+01  0.00000000000000E+00
    18.100000
  6.79022781155397E+01  4.13194026204450E+01  1.01760849019634E+02  2.86829798235881E+02 -4.10393670517056E-18  0.00000000000000E+00  2.48256794490089E+01  0.00000000000000E+00
    18.200000
  7.07636245212382E+01  4.30650158166863E+01  1.06056666878340E+02  2.98927154722021E+02  1.57110601295748E-16  0.00000000000000E+00  2.58723868904560E+01  0.00000000000000E+00
    18.300000
  7.37457114955869E+01  4.48838024564851E+01  1.10534775375742E+02  3.11534042634698E+02  3.50720185060518E-16  0.00000000000000E+00  2.69631533016654E+01  0.00000000000000E+00
    18.400000
  7.68536680853618E+01  4.67787731775844E+01  1.15202918988407E+02  3.24672072113185E+02 -5.29778458627133E-17  0.00000000000000E+00  2.80998428579782E+01  0.00000000000000E+00
    18.500000
  8.00928429807810E+01  4.87530712585136E+01  1.20069170339920E+02  3.38363767760311E+02 -2.45534090149034E-16  0.00000000000000E+00  2.92843997404721E+01  0.00000000000000E+00
    18.600000
  8.34688133182465E+01  5.08099796652589E+01  1.25141942476578E+02  3.52632605417372E+02 -3.13848501138961E-16  0.00000000000000E+00  3.05188515792130E+01  0.00000000000000E+00
    18.700000
  8.69873936763360E+01  5.29529284249177E+01  1.30430001618387E+02  3.67503050640705E+02  1.66410653185308E-16  0.00000000000000E+00  3.18053130050254E+01  0.00000000000000E+00
    18.800000
  9.06546453139600E+01  5.51855022433156E+01  1.35942479800277E+02  3.83000599053132E+02  5.37561194399321E-16  0.00000000000000E+00  3.31459892538736E+01  0.00000000000000E+00
    18.900000
  9.44768857278476E+01  5.75114480324332E+01  1.41688887478951E+02  3.99151818780854E+02  3.20315412994567E-16  0.00000000000000E+00  3.45431798754725E+01  0.00000000000000E+00
    19.000000
  9.84606985190695E+01  5.99346824885522E+01  1.47679126643963E+02  4.15984394922214E+02  1.45930456558066E-16  0.00000000000000E+00  3.59992825578706E+01  0.00000000000000E+00
    19.100000
  1.02612943606777E+02  6.24592996832127E+01  1.53923504209411E+02  4.33527176098591E+02  1.19590240014254E-16  0.00000000000000E+00  3.75167970501406E+01  0.00000000000000E+00
    19.200000
  1.06940767800010E+02  6.50895787081198E+01  1.60432746236150E+02  4.51810222982260E+02 -3.92479638725964E-16  0.00000000000000E+00  3.90983292226825E+01  0.00000000000000E+00
    19.300000
  1.11451615732959E+02  6.78299916171205E+01  1.67218013175604E+02  4.70864858699756E+02  8.79886493292478E-16  0.00000000000000E+00  4.07465952327628E+01  0.00000000000000E+00
    19.400000
  1.16153241257159E+02  7.06852115357530E+01  1.74290915777989E+02  4.90723721290935E+02 -5.60500694391081E-16  0.00000000000000E+00  4.24644257986662E+01  0.00000000000000E+00
    19.500000
  1.21053719350330E+02  7.36601209372696E+01  1.81663532137273E+02  5.11420818316196E+02  1.77858941223108E-17  0.00000000000000E+00  4.42547706188218E+01  0.00000000000000E+00
    19.600000
  1.26161458609392E+02  7.67598201302697E+01  1.89348425819835E+02  5.32991583724567E+02 -2.45590210398008E-16  0.00000000000000E+00  4.61207029264328E+01  0.00000000000000E+00
    19.700000
  1.31485214409364E+02  7.99896358270537E+01  1.97358665239109E+02  5.55472937065083E+02  1.22929129503365E-15  0.00000000000000E+00  4.80654242223769E+01  0.00000000000000E+00
    19.800000
  1.37034102754234E+02  8.33551299792530E+01  2.05707844838220E+02  5.78903344910782E+02 -1.27548802860811E-15  0.00000000000000E+00  5.00922692061451E+01  0.00000000000000E+00
    19.900000
  1.42817614884765E+02  8.68621089427544E+01  2.14410107833834E+02  6.03322884489864E+02 -3.21655951428512E-16  0.00000000000000E+00  5.22047109015450E+01  0.00000000000000E+00
    20.000000
  1.48845632709774E+02  9.05166329259952E+01  2.23480170728009E+02  6.28773309559650E+02  3.71286746950278E-16  0.00000000000000E+00  5.44063660230145E+01  0.00000000000000E+00
