     0.000000
  1.93050790382129E-02  2.24109841493194E-11  5.32560622527197E-09  1.03271614864771E-02  0.00000000000000E+00  0.00000000000000E+00  0.00000000000000E+00  0.00000000000000E+00
     0.075000
  1.91382978984266E-02  2.10249247717703E-04  3.74267200493309E-04  1.01765874858352E-02 -1.08119957819111E-20  0.00000000000000E+00  5.44820581176480E-04  0.00000000000000E+00
     0.150000
  1.89464275275612E-02  5.74883747780282E-04  1.38733045397836E-03  9.91799430194791E-03 -2.81140806872778E-20  0.00000000000000E+00  1.05343201479193E-03  0.00000000000000E+00
     0.225000
  1.87623530669934E-02  9.49379236485763E-04  2.61732465863046E-03  9.62619333598728E-03 -6.31021797493878E-21  0.00000000000000E+00  1.51642303053406E-03  0.00000000000000E+00
     0.300000
  1.86148592749674E-02  1.34358752181396E-03  3.73728872013056E-03  9.37824707780982E-03 -1.35115651789490E-20  0.00000000000000E+00  1.93547203351500E-03  0.00000000000000E+00
     0.375000
  1.85234769289528E-02  1.75418323983788E-03  4.63791621540347E-03  9.23560465338357E-03 -4.84976429986882E-20  0.00000000000000E+00  2.32078835208734E-03  0.00000000000000E+00
     0.450000
  1.85009578324316E-02  2.16707303450114E-03  5.32053585518215E-03  9.24291373849030E-03  7.03444858751386E-20  0.00000000000000E+00  2.68595262898360E-03  0.00000000000000E+00
     0.525000
  1.85534523024158E-02  2.57237349512443E-03  5.83758543904651E-03  9.42729373800953E-03 -1.51534212611650E-20  0.00000000000000E+00  3.04323524172869E-03  0.00000000000000E+00
     0.600000
  1.86821792130035E-02  2.96729530583420E-03  6.24524140495073E-03  9.79976885661596E-03 -3.18628422281838E-20  0.00000000000000E+00  3.40201549366282E-03  0.00000000000000E+00
     0.675000
  1.88851768014053E-02  3.35624234355039E-03  6.58438786980005E-03  1.03587137647692E-02  3.20552303878211E-20  0.00000000000000E+00  3.76870492735108E-03  0.00000000000000E+00
     0.750000
  1.91587058615997E-02  3.74868192600158E-03  6.88099396522789E-03  1.10945859121501E-02  2.69664569583079E-20  0.00000000000000E+00  4.14713840246183E-03  0.00000000000000E+00
     0.825000
  1.94983577103754E-02  4.15599474200132E-03  7.15035223250031E-03  1.19945250150726E-02  1.80036527850361E-19  0.00000000000000E+00  4.53922804117210E-03  0.00000000000000E+00
     0.900000
  1.98998391715824E-02  4.58874289624781E-03  7.40212477341314E-03  1.30454454556411E-02  4.06147860301844E-20  0.00000000000000E+00  4.94571799131712E-03  0.00000000000000E+00
     0.975000
  2.03594614384959E-02  5.05492004076243E-03  7.64529837762187E-03  1.42354436877016E-02 -8.99724993492773E-20  0.00000000000000E+00  5.36680445995402E-03  0.00000000000000E+00
     1.050000
  2.08743950874787E-02  5.55942712975587E-03  7.88952227007089E-03  1.55541511669330E-02  1.09928974603822E-19  0.00000000000000E+00  5.80249127998874E-03  0.00000000000000E+00
     1.125000
  2.14427709642803E-02  6.10405753189942E-03  8.14519936845288E-03  1.69927535516486E-02 -1.09119825188440E-19  0.00000000000000E+00  6.25277713894442E-03  0.00000000000000E+00
     1.200000
  2.20636535247961E-02  6.68796272147401E-03  8.42292663070986E-03  1.85439500145673E-02 -6.64615784500081E-20  0.00000000000000E+00  6.71777616627293E-03  0.00000000000000E+00
     1.275000
  2.27369243402597E-02  7.30855589689526E-03  8.73207122032852E-03  2.02018118642714E-02 -1.74997421646339E-19  0.00000000000000E+00  7.19776760546525E-03  0.00000000000000E+00
     1.350000
  2.34631415162759E-02  7.96226096523825E-03  9.08017513033332E-03  2.19615650761692E-02 -5.28728444988241E-20  0.00000000000000E+00  7.69319697471353E-03  0.00000000000000E+00
     1.425000
  2.42433957763888E-02  8.64513582713437E-03  9.47272606643015E-03  2.38193848416009E-02 -4.80039257940915E-20  0.00000000000000E+00  8.20466241975357E-03  0.00000000000000E+00
     1.500000
  2.50791816482075E-02  9.35332497848768E-03  9.91323480908426E-03  2.57722671613644E-02 -2.19569747326048E-21  0.00000000000000E+00  8.73288381044329E-03  0.00000000000000E+00
     1.575000
  2.59722990206274E-02  1.00832619593726E-02  1.04035956380395E-02  2.78179535018920E-02 -3.96599416152246E-20  0.00000000000000E+00  9.27868066024967E-03  0.00000000000000E+00
     1.650000
  2.69247798521009E-02  1.08318296449691E-02  1.09442217458420E-02  2.99548357837583E-02 -9.67365387826097E-21  0.00000000000000E+00  9.84296024295065E-03  0.00000000000000E+00
     1.725000
  2.79388488537842E-02  1.15963636576318E-02  1.15344979465188E-02  3.21818493139508E-02  4.03440428092332E-20  0.00000000000000E+00  1.04267026277631E-02  0.00000000000000E+00
     1.800000
  2.90169086427400E-02  1.23745727393734E-02  1.21732086895232E-02  3.44984053537082E-02  1.41147989740286E-19  0.00000000000000E+00  1.10309479060805E-02  0.00000000000000E+00
     1.875000
  3.01615322725166E-02  1.31645297225190E-02  1.28585045050532E-02  3.69044000168612E-02 -1.31682378282362E-19  0.00000000000000E+00  1.16567770105340E-02  0.00000000000000E+00
     1.950000
  3.13754593431725E-02  1.39647085609945E-02  1.35876426233880E-02  3.94002807408126E-02 -1.17428517454160E-19  0.00000000000000E+00  1.23052942139122E-02  0.00000000000000E+00
     2.025000
  3.26615896567903E-02  1.47740754825160E-02  1.43567796045985E-02  4.19871026910662E-02  8.94930562831047E-20  0.00000000000000E+00  1.29776173243354E-02  0.00000000000000E+00
     2.100000
  3.40229686423279E-02  1.55922190835121E-02  1.51609536470841E-02  4.46665516921514E-02 -1.43226750472253E-19  0.00000000000000E+00  1.36748617377427E-02  0.00000000000000E+00
     2.175000
  3.54627616709917E-02  1.64194623496921E-02  1.59943314942724E-02  4.74409678513650E-02 -1.48852917115207E-19  0.00000000000000E+00  1.43981210744681E-02  0.00000000000000E+00
     2.250000
  3.69842171851994E-02  1.72569168337002E-02  1.68508628437491E-02  5.03133796362982E-02  5.80007745652924E-21  0.00000000000000E+00  1.51484633052355E-02  0.00000000000000E+00
     2.325000
  3.85906247511791E-02  1.81064733733580E-02  1.77251473318832E-02  5.32875016978779E-02 -1.74187313353211E-19  0.00000000000000E+00  1.59269523558264E-02  0.00000000000000E+00
     2.400000
  4.02852746519436E-02  1.89707764356149E-02  1.86129856334085E-02  5.63676567775133E-02  2.46006515238201E-19  0.00000000000000E+00  1.67346894068094E-02  0.00000000000000E+00
     2.475000
  4.20714207135885E-02  1.98532348958747E-02  1.95113858141630E-02  5.95586515575864E-02 -1.55482413600035E-19  0.00000000000000E+00  1.75728570622676E-02  0.00000000000000E+00
     2.550000
  4.39522495526453E-02  2.07580268663540E-02  2.04183864729559E-02  6.28656688483694E-02 -7.83307527230565E-20  0.00000000000000E+00  1.84427497737268E-02  0.00000000000000E+00
     2.625000
  4.59308654584676E-02  2.16899773737021E-02  2.13331634692658E-02  6.62941904106062E-02 -3.45951604155157E-20  0.00000000000000E+00  1.93457855427245E-02  0.00000000000000E+00
     2.700000
  4.80102968077196E-02  2.26542766592173E-02  2.22563130370063E-02  6.98499193950385E-02  6.92742161290860E-20  0.00000000000000E+00  2.02835052992949E-02  0.00000000000000E+00
     2.775000
  5.01935175394361E-02  2.36561933909668E-02  2.31897093972962E-02  7.35386970881333E-02  2.38711572866894E-19  0.00000000000000E+00  2.12575665088376E-02  0.00000000000000E+00
     2.850000
  5.24834743305748E-02  2.47009685179760E-02  2.41356996265546E-02  7.73664528772327E-02 -1.69582638954459E-19  0.00000000000000E+00  2.22697287802808E-02  0.00000000000000E+00
     2.925000
  5.48831247440193E-02  2.57938445273507E-02  2.50963980176183E-02  8.13392170290475E-02 -2.52465492135378E-19  0.00000000000000E+00  2.33218273397098E-02  0.00000000000000E+00
     3.000000
  5.73955003657671E-02  2.69399622031127E-02  2.60741390973303E-02  8.54631764741520E-02 -1.87465030784621E-19  0.00000000000000E+00  2.44157464836316E-02  0.00000000000000E+00
     3.075000
  6.00237868489937E-02  2.81439833890233E-02  2.70730447420500E-02  8.97447191100579E-02 -2.08600236641661E-20  0.00000000000000E+00  2.55534202134744E-02  0.00000000000000E+00
     3.150000
  6.27713802593639E-02  2.94096769448643E-02  2.81002273439126E-02  9.41904204201569E-02 -6.53406849413030E-20  0.00000000000000E+00  2.67368648145807E-02  0.00000000000000E+00
     3.225000
  6.56418884491032E-02  3.07398448027701E-02  2.91650734957561E-02  9.88069802205422E-02 -7.43552912747545E-20  0.00000000000000E+00  2.79681968975292E-02  0.00000000000000E+00
     3.300000
  6.86391059336781E-02  3.21366386363759E-02  3.02766131051060E-02  1.03601185585108E-01  1.55563521368811E-19  0.00000000000000E+00  2.92495824903715E-02  0.00000000000000E+00
     3.375000
  7.17670316916298E-02  3.36019378736028E-02  3.14407528208479E-02  1.08579978214439E-01 -3.83778519454345E-19  0.00000000000000E+00  3.05831407893499E-02  0.00000000000000E+00
     3.450000
  7.50299541149133E-02  3.51375421336573E-02  3.26595249579457E-02  1.13750597323745E-01 -4.30914296895664E-20  0.00000000000000E+00  3.19709116545764E-02  0.00000000000000E+00
     3.525000
  7.84325339553563E-02  3.67453346336023E-02  3.39331269752967E-02  1.19120655241259E-01  2.02187404684165E-19  0.00000000000000E+00  3.34149621672401E-02  0.00000000000000E+00
     3.600000
  8.19797920390339E-02  3.84276586002228E-02  3.52634032318731E-02  1.24698046818866E-01 -2.31655893038207E-19  0.00000000000000E+00  3.49175588482190E-02  0.00000000000000E+00
     3.675000
  8.56770026163747E-02  4.01877209865196E-02  3.66560886696568E-02  1.30490788617517E-01 -3.82550417554599E-19  0.00000000000000E+00  3.64812365142302E-02  0.00000000000000E+00
     3.750000
  8.95296058690182E-02  4.20295103899417E-02  3.81197702383315E-02  1.36507004892937E-01 -4.23753188934443E-20  0.00000000000000E+00  3.81086849470609E-02  0.00000000000000E+00
     3.825000
  9.35432470631134E-02  4.39570869848770E-02  3.96620297967633E-02  1.42755149494868E-01 -3.34045732781160E-19  0.00000000000000E+00  3.98025647100604E-02  0.00000000000000E+00
     3.900000
  9.77239222457848E-02  4.59738502682735E-02  4.12857761037029E-02  1.49244298130663E-01  4.70962351267434E-19  0.00000000000000E+00  4.15654388000077E-02  0.00000000000000E+00
     3.975000
  1.02078102983914E-01  4.80825906506084E-02  4.29889565611404E-02  1.55984259592769E-01 -5.38819963022534E-19  0.00000000000000E+00  4.33998840118907E-02  0.00000000000000E+00
     4.050000
  1.06612743187838E-01  5.02864255592842E-02  4.47681376931183E-02  1.62985446898327E-01  5.38571794817727E-19  0.00000000000000E+00  4.53086695476486E-02  0.00000000000000E+00
     4.125000
  1.11335197687125E-01  5.25898138479041E-02  4.66231767948119E-02  1.70258705109140E-01  8.52546080858607E-19  0.00000000000000E+00  4.72948506801492E-02  0.00000000000000E+00
     4.200000
  1.16253162236012E-01  5.49986985204007E-02  4.85593769756396E-02  1.77815327816580E-01  1.29179771672794E-18  0.00000000000000E+00  4.93617401624982E-02  0.00000000000000E+00
     4.275000
  1.21374701590046E-01  5.75195922757846E-02  5.05857738345795E-02  1.85667280428022E-01  5.06946797421207E-19  0.00000000000000E+00  5.15128426102543E-02  0.00000000000000E+00
     4.350000
  1.26708328474479E-01  6.01583228760813E-02  5.27113330361151E-02  1.93827425393684E-01 -9.23928882622179E-20  0.00000000000000E+00  5.37518426690436E-02  0.00000000000000E+00
     4.425000
  1.32263046114928E-01  6.29193759633161E-02  5.49421258885736E-02  2.02309540912943E-01 -1.58359661696473E-18  0.00000000000000E+00  5.60826484474695E-02  0.00000000000000E+00
     4.500000
  1.38048312908407E-01  6.58062166577445E-02  5.72812463786089E-02  2.11128126579853E-01 -2.98748732188110E-19  0.00000000000000E+00  5.85094196182623E-02  0.00000000000000E+00
     4.575000
  1.44073972237540E-01  6.88222158613790E-02  5.97308322152763E-02  2.20298187932535E-01 -2.30382518316703E-19  0.00000000000000E+00  6.10365253670644E-02  0.00000000000000E+00
     4.650000
  1.50350228482063E-01  7.19714739742949E-02  6.22941284333360E-02  2.29835207485179E-01 -7.20770114062821E-20  0.00000000000000E+00  6.36684533954868E-02  0.00000000000000E+00
     4.725000
  1.56887710952998E-01  7.52590806659623E-02  6.49759931387600E-02  2.39755346389938E-01  7.29258199488835E-20  0.00000000000000E+00  6.64097487308065E-02  0.00000000000000E+00
     4.800000
  1.63697591255393E-01  7.86908576148174E-02  6.77818701610475E-02  2.50075731460346E-01  1.91984282353572E-19  0.00000000000000E+00  6.92650478990222E-02  0.00000000000000E+00
     4.875000
  1.70791673986532E-01  8.22729641188346E-02  7.07165494766874E-02  2.60814621269387E-01 -1.22204927509151E-19  0.00000000000000E+00  7.22392028343877E-02  0.00000000000000E+00
     4.950000
  1.78182401816872E-01  8.60117034285058E-02  7.37840145240650E-02  2.71991347600300E-01  5.09987448740565E-19  0.00000000000000E+00  7.53374195515231E-02  0.00000000000000E+00
     5.025000
  1.85882783109179E-01  8.99135857901713E-02  7.69885454591777E-02  2.83626100680520E-01  2.97874494595182E-19  0.00000000000000E+00  7.85653245987779E-02  0.00000000000000E+00
     5.100000
  1.93906308006303E-01  9.39854681378857E-02  8.03360931781871E-02  2.95739733070325E-01 -6.13015546832462E-19  0.00000000000000E+00  8.19289251203195E-02  0.00000000000000E+00
     5.175000
  2.02266924587114E-01  9.82345762087086E-02  8.38347283837925E-02  3.08353727825390E-01 -1.81540073055265E-19  0.00000000000000E+00  8.54345026407332E-02  0.00000000000000E+00
     5.250000
  2.10979101750619E-01  1.02668377069351E-01  8.74937702954502E-02  3.21490350371211E-01  1.99150260252320E-19  0.00000000000000E+00  8.90885202109718E-02  0.00000000000000E+00
     5.325000
  2.20057948700380E-01  1.07294430520687E-01  9.13222450298314E-02  3.35172883923593E-01  3.25365949508809E-19  0.00000000000000E+00  9.28976030831832E-02  0.00000000000000E+00
     5.400000
  2.29519333263206E-01  1.12120370313752E-01  9.53277616744696E-02  3.49425817230555E-01 -6.72572049907031E-19  0.00000000000000E+00  9.68685970079421E-02  0.00000000000000E+00
     5.475000
  2.39379955196693E-01  1.17154057741072E-01  9.95164810550891E-02  3.64274914748826E-01  1.25697115867120E-21  0.00000000000000E+00  1.01008660496015E-01  0.00000000000000E+00
     5.550000
  2.49657367092969E-01  1.22403821704842E-01  1.03894037959171E-01  3.79747191060544E-01 -1.45987785776788E-18  0.00000000000000E+00  1.05325337766732E-01  0.00000000000000E+00
     5.625000
  2.60369965544746E-01  1.27878649516027E-01  1.08466718035981E-01  3.95870864877596E-01 -1.34761728300211E-18  0.00000000000000E+00  1.09826584031646E-01  0.00000000000000E+00
     5.700000
  2.71536983057963E-01  1.33588235866268E-01  1.13242199638890E-01  4.12675359077061E-01  8.44535723964874E-19  0.00000000000000E+00  1.14520748922778E-01  0.00000000000000E+00
     5.775000
  2.83178500184134E-01  1.39542882837388E-01  1.18229582738915E-01  4.30191366223776E-01 -1.08531170918145E-18  0.00000000000000E+00  1.19416544562897E-01  0.00000000000000E+00
     5.850000
  2.95315480644046E-01  1.45753314479783E-01  1.23438874142914E-01  4.48450954816570E-01 -1.85896080217374E-18  0.00000000000000E+00  1.24523025553371E-01  0.00000000000000E+00
     5.925000
  3.07969820788802E-01  1.52230496043491E-01  1.28880331224867E-01  4.67487675122755E-01  1.76401217818787E-19  0.00000000000000E+00  1.29849595600861E-01  0.00000000000000E+00
     6.000000
  3.21164402435134E-01  1.58985529038723E-01  1.34564039972685E-01  4.87336635164970E-01 -5.10765925904079E-19  0.00000000000000E+00  1.35406039698959E-01  0.00000000000000E+00
     6.075000
  3.34923142843824E-01  1.66029647194477E-01  1.40499896719244E-01  5.08034542286569E-01  1.04393481490504E-18  0.00000000000000E+00  1.41202569661549E-01  0.00000000000000E+00
     6.150000
  3.49271042370389E-01  1.73374293566136E-01  1.46697911060317E-01  5.29619726977876E-01 -2.79926515644440E-19  0.00000000000000E+00  1.47249868452858E-01  0.00000000000000E+00
     6.225000
  3.64234234202585E-01  1.81031238087610E-01  1.53168594905205E-01  5.52132173069914E-01  3.22560589075828E-19  0.00000000000000E+00  1.53559124345466E-01  0.00000000000000E+00
     6.300000
  3.79840039641112E-01  1.89012699784326E-01  1.59923225006575E-01  5.75613571306475E-01 -6.79745980109781E-19  0.00000000000000E+00  1.60142054205776E-01  0.00000000000000E+00
     6.375000
  3.96117028493901E-01  1.97331453367175E-01  1.66973910003445E-01  6.00107399049686E-01  8.01196847022501E-19  0.00000000000000E+00  1.67010920343131E-01  0.00000000000000E+00
     6.450000
  4.13095081003408E-01  2.06000911546097E-01  1.74333526522348E-01  6.25659017384440E-01  1.24570263715614E-18  0.00000000000000E+00  1.74178545457662E-01  0.00000000000000E+00
     6.525000
  4.30805447444692E-01  2.15035180081308E-01  1.82015625942499E-01  6.52315773839832E-01 -3.93346304057124E-19  0.00000000000000E+00  1.81658327739072E-01  0.00000000000000E+00
     6.600000
  4.49280803517514E-01  2.24449087235725E-01  1.90034372222836E-01  6.80127102799963E-01 -6.52200187408727E-20  0.00000000000000E+00  1.89464256399768E-01  0.00000000000000E+00
     6.675000
  4.68555302026521E-01  2.34258194400047E-01  1.98404521295921E-01  7.09144621059624E-01  8.05551987566743E-19  0.00000000000000E+00  1.97610927891105E-01  0.00000000000000E+00
     6.750000
  4.88664622858596E-01  2.44478797179201E-01  2.07141433623762E-01  7.39422219243600E-01 -2.27904744262978E-18  0.00000000000000E+00  2.06113563659912E-01  0.00000000000000E+00
     6.825000
  5.09646023837524E-01  2.55127924604030E-01  2.16261113554751E-01  7.71016150859011E-01 -2.20193816352829E-18  0.00000000000000E+00  2.14988030391964E-01  0.00000000000000E+00
     6.900000
  5.31538395041993E-01  2.66223341102410E-01  2.25780269411686E-01  8.03985120989659E-01  3.21336712869507E-19  0.00000000000000E+00  2.24250863179241E-01  0.00000000000000E+00
     6.975000
  5.54382318809463E-01  2.77783554889522E-01  2.35716383013519E-01  8.38390376899313E-01 -5.84852061251196E-19  0.00000000000000E+00  2.33919291483823E-01  0.00000000000000E+00
     7.050000
  5.78220136930168E-01  2.89827837517813E-01  2.46087776177043E-01  8.74295802993108E-01  3.12598464868637E-19  0.00000000000000E+00  2.44011267484724E-01  0.00000000000000E+00
     7.125000
  6.03096025590291E-01  3.02376259475789E-01  2.56913667272042E-01  9.11768022238725E-01  1.53810361025381E-19  0.00000000000000E+00  2.54545496331377E-01  0.00000000000000E+00
     7.200000
  6.29056077711918E-01  3.15449743963503E-01  2.68214215633636E-01  9.50876505207879E-01 -3.49636960452421E-18  0.00000000000000E+00  2.65541467900002E-01  0.00000000000000E+00
     7.275000
  6.56148391608690E-01  3.29070136668921E-01  2.80010551615709E-01  9.91693686840185E-01 -3.98107289348165E-19  0.00000000000000E+00  2.77019489903842E-01  0.00000000000000E+00
     7.350000
  6.84423164326567E-01  3.43260286293156E-01  2.92324791214585E-01  1.03429509013832E+00  2.87569992764285E-18  0.00000000000000E+00  2.89000722583992E-01  0.00000000000000E+00
     7.425000
  7.13932787771116E-01  3.58044129807174E-01  3.05180041591312E-01  1.07875945516976E+00 -5.45958474844695E-18  0.00000000000000E+00  3.01507215359738E-01  0.00000000000000E+00
     7.500000
  7.44731946025151E-01  3.73446777197881E-01  3.18600411419077E-01  1.12516887136672E+00 -7.89189005259018E-19  0.00000000000000E+00  3.14561945486390E-01  0.00000000000000E+00
     7.575000
  7.76877713253088E-01  3.89494592010695E-01  3.32611037691925E-01  1.17360891202833E+00 -7.21702854746869E-18  0.00000000000000E+00  3.28188858275621E-01  0.00000000000000E+00
     7.650000
  8.10429652872681E-01  4.06215265994945E-01  3.47238129230143E-01  1.22416877195429E+00 -8.26775639762784E-18  0.00000000000000E+00  3.42412908443519E-01  0.00000000000000E+00
     7.725000
  8.45449919528145E-01  4.23637887823091E-01  3.62509018721252E-01  1.27694141076663E+00  1.03659344804464E-19  0.00000000000000E+00  3.57260102819322E-01  0.00000000000000E+00
     7.800000
  8.82003365388219E-01  4.41793006218416E-01  3.78452217738438E-01  1.33202370455541E+00  2.67507561802382E-18  0.00000000000000E+00  3.72757545301119E-01  0.00000000000000E+00
     7.875000
  9.20157651666614E-01  4.60712687115122E-01  3.95097476611501E-01  1.38951660735831E+00 -2.03784598297763E-18  0.00000000000000E+00  3.88933484829686E-01  0.00000000000000E+00
     7.950000
  9.59983365684874E-01  4.80430564292880E-01  4.12475851464449E-01  1.44952532276551E+00 -8.60313960128863E-18  0.00000000000000E+00  4.05817366319118E-01  0.00000000000000E+00
     8.025000
  1.00155414369099E+00  5.00981884675211E-01  4.30619771775384E-01  1.51215948542813E+00 -4.35645202425803E-18  0.00000000000000E+00  4.23439883764685E-01  0.00000000000000E+00
     8.100000
  1.04494679982814E+00  5.22403552615008E-01  4.49563093591197E-01  1.57753335242986E+00  7.17992496567950E-18  0.00000000000000E+00  4.41833034914813E-01  0.00000000000000E+00
     8.175000
  1.09024146162750E+00  5.44734179410140E-01  4.69341127593250E-01  1.64576600460539E+00  1.21770463161080E-17  0.00000000000000E+00  4.61030177880888E-01  0.00000000000000E+00
     8.250000
  1.13752171197353E+00  5.68014142496226E-01  4.89990647920897E-01  1.71698155732488E+00  6.81803245914019E-18  0.00000000000000E+00  4.81066090966393E-01  0.00000000000000E+00
     8.325000
  1.18687473699227E+00  5.92285653676485E-01  5.11549904428775E-01  1.79130937949588E+00 -7.28136926429008E-18  0.00000000000000E+00  5.01977036889619E-01  0.00000000000000E+00
     8.400000
  1.23839147930219E+00  6.17592831053948E-01  5.34058663091600E-01  1.86888431975808E+00 -2.65614375199856E-18  0.00000000000000E+00  5.23800831392550E-01  0.00000000000000E+00
     8.475000
  1.29216679677285E+00  6.43981768867152E-01  5.57558283223276E-01  1.94984694043832E+00 -2.37897975315171E-19  0.00000000000000E+00  5.46576914928590E-01  0.00000000000000E+00
     8.550000
  1.34829962795429E+00  6.71500603678311E-01  5.82091817916079E-01  2.03434376176903E+00 -8.44671516850243E-18  0.00000000000000E+00  5.70346425854278E-01  0.00000000000000E+00
     8.625000
  1.40689316587083E+00  7.00199580964409E-01  6.07704112923777E-01  2.12252751963709E+00  1.40800301075643E-17  0.00000000000000E+00  5.95152274641591E-01  0.00000000000000E+00
     8.700000
  1.46805504138240E+00  7.30131128657814E-01  6.34441887463220E-01  2.21455743890148E+00  2.79535374096762E-18  0.00000000000000E+00  6.21039220271550E-01  0.00000000000000E+00
     8.775000
  1.53189751605172E+00  7.61349941583410E-01  6.62353800955795E-01  2.31059952162441E+00 -3.27379717490856E-18  0.00000000000000E+00  6.48053950855923E-01  0.00000000000000E+00
     8.850000
  1.59853768332193E+00  7.93913075194640E-01  6.91490525887986E-01  2.41082684718480E+00 -9.96887527808300E-19  0.00000000000000E+00  6.76245169902653E-01  0.00000000000000E+00
     8.925000
  1.66809767668104E+00  8.27880043123325E-01  7.21904845747766E-01  2.51541988104744E+00  5.47378302040930E-18  0.00000000000000E+00  7.05663687939282E-01  0.00000000000000E+00
     9.000000
  1.74070488452229E+00  8.63312914031639E-01  7.53651779378982E-01  2.62456679131159E+00 -7.13517338662086E-18  0.00000000000000E+00  7.36362517773356E-01  0.00000000000000E+00
     9.075000
  1.81649217289621E+00  9.00276408265868E-01  7.86788713252676E-01  2.73846377551593E+00  4.11613544595198E-18  0.00000000000000E+00  7.68396971653553E-01  0.00000000000000E+00
     9.150000
  1.89559811823669E+00  9.38837999854753E-01  8.21375517081844E-01  2.85731540231549E+00  4.64567173512852E-18  0.00000000000000E+00  8.01824760042050E-01  0.00000000000000E+00
     9.225000
  1.97816725182793E+00  9.79068030555642E-01  8.57474631164408E-01  2.98133497229469E+00 -1.19971909514071E-17  0.00000000000000E+00  8.36706093525608E-01  0.00000000000000E+00
     9.300000
  2.06435031657407E+00  1.02103983905495E+00  8.95151136474078E-01  3.11074489981765E+00  1.68474853798082E-18  0.00000000000000E+00  8.73103790214112E-01  0.00000000000000E+00
     9.375000
  2.15430453550774E+00  1.06482990284179E+00  9.34472834148774E-01  3.24577711529184E+00 -6.88243746276468E-18  0.00000000000000E+00  9.11083390206258E-01  0.00000000000000E+00
     9.450000
  2.24819389128365E+00  1.11051798699685E+00  9.75510358194353E-01  3.38667348638715E+00 -6.36123773610621E-18  0.00000000000000E+00  9.50713276960721E-01  0.00000000000000E+00
     9.525000
  2.34618941674845E+00  1.15818729568817E+00  1.01833732617471E+00  3.53368625803808E+00  7.88425091002881E-18  0.00000000000000E+00  9.92064804036631E-01  0.00000000000000E+00
     9.600000
  2.44846949786008E+00  1.20792462732618E+00  1.06303051145887E+00  3.68707851319121E+00 -6.60925464194788E-18  0.00000000000000E+00  1.03521242568120E+00  0.00000000000000E+00
     9.675000
  2.55522019082563E+00  1.25982053914842E+00  1.10967001238784E+00  3.84712465739952E+00  2.37562736841547E-17  0.00000000000000E+00  1.08023383108995E+00  0.00000000000000E+00
     9.750000
  2.66663555489656E+00  1.31396952779825E+00  1.15833940362659E+00  4.01411092956963E+00 -2.71662155152003E-19  0.00000000000000E+00  1.12721008380942E+00  0.00000000000000E+00
     9.825000
  2.78291800116422E+00  1.37047022847504E+00  1.20912587492332E+00  4.18833593904271E+00 -1.97147448268024E-18  0.00000000000000E+00  1.17622576848989E+00  0.00000000000000E+00
     9.900000
  2.90427865678996E+00  1.42942562912546E+00  1.26212037777600E+00  4.37011122735988E+00  5.83453454100425E-18  0.00000000000000E+00  1.22736914653564E+00  0.00000000000000E+00
     9.975000
  3.03093774406415E+00  1.49094329207921E+00  1.31741780044646E+00  4.55976185292770E+00 -2.12332134694763E-19  0.00000000000000E+00  1.28073232066837E+00  0.00000000000000E+00
    10.050000
  3.16312497453438E+00  1.55513557624145E+00  1.37511717701343E+00  4.75762699849258E+00 -2.99320026263881E-18  0.00000000000000E+00  1.33641140712610E+00  0.00000000000000E+00
    10.125000
  3.30107995955210E+00  1.62211985787946E+00  1.43532191757517E+00  4.96406060365186E+00 -2.05975144968421E-17  0.00000000000000E+00  1.39450671403414E+00  0.00000000000000E+00
    10.200000
  3.44505263918547E+00  1.69201875386167E+00  1.49814003724037E+00  5.17943202596605E+00  1.90331847447330E-17  0.00000000000000E+00  1.45512292545584E+00  0.00000000000000E+00
    10.275000
  3.59530373116528E+00  1.76496035421332E+00  1.56368436721984E+00  5.40412673375182E+00 -1.99448919625665E-17  0.00000000000000E+00  1.51836929202094E+00  0.00000000000000E+00
    10.350000
  3.75210520063910E+00  1.84107846941502E+00  1.63207274773031E+00  5.63854703179703E+00 -2.63183471257383E-17  0.00000000000000E+00  1.58435982989344E+00  0.00000000000000E+00
    10.425000
  3.91574075067924E+00  1.92051289334273E+00  1.70342821840595E+00  5.88311281941116E+00 -2.77168753874851E-17  0.00000000000000E+00  1.65321352967815E+00  0.00000000000000E+00
    10.500000
  4.08650633330013E+00  2.00340967835786E+00  1.77787922743050E+00  6.13826237967109E+00  8.91271736679246E-18  0.00000000000000E+00  1.72505457590148E+00  0.00000000000000E+00
    10.575000
  4.26471068129188E+00  2.08992141765544E+00  1.85555987305171E+00  6.40445319978217E+00  3.95727625111106E-18  0.00000000000000E+00  1.80001257666401E+00  0.00000000000000E+00
    10.650000
  4.45067586206849E+00  2.18020753221696E+00  1.93661017633925E+00  6.68216282440272E+00 -5.40298446719600E-17  0.00000000000000E+00  1.87822280264048E+00  0.00000000000000E+00
    10.725000
  4.64473785537863E+00  2.27443456381242E+00  2.02117637173972E+00  6.97188974532039E+00  1.44339217480682E-18  0.00000000000000E+00  1.95982643501152E+00  0.00000000000000E+00
    10.800000
  4.84724715677323E+00  2.37277647862103E+00  2.10941119934695E+00  7.27415433112447E+00 -1.63630298695100E-17  0.00000000000000E+00  2.04497082280646E+00  0.00000000000000E+00
    10.875000
  5.05856940824020E+00  2.47541498623506E+00  2.20147419032334E+00  7.58949979949525E+00  1.41765209510261E-17  0.00000000000000E+00  2.13380975090982E+00  0.00000000000000E+00
    10.950000
  5.27908605680945E+00  2.58253987616421E+00  2.29753194887641E+00  7.91849323321724E+00 -2.80595522727900E-17  0.00000000000000E+00  2.22650372018183E+00  0.00000000000000E+00
    11.025000
  5.50919504164007E+00  2.69434937035957E+00  2.39775844295540E+00  8.26172663999282E+00  1.47362294505624E-17  0.00000000000000E+00  2.32322024072771E+00  0.00000000000000E+00
    11.100000
  5.74931151030859E+00  2.81105048807025E+00  2.50233531660157E+00  8.61981805615477E+00 -1.20613076931540E-17  0.00000000000000E+00  2.42413413866057E+00  0.00000000000000E+00
    11.175000
  5.99986856556871E+00  2.93285941982142E+00  2.61145223020565E+00  8.99341269530351E+00  8.70089310016747E-18  0.00000000000000E+00  2.52942787619369E+00  0.00000000000000E+00
    11.250000
  6.26131804440282E+00  3.06000190998522E+00  2.72530722563556E+00  9.38318414404872E+00  8.30433404602936E-18  0.00000000000000E+00  2.63929188485016E+00  0.00000000000000E+00
    11.325000
  6.53413133143941E+00  3.19271365053077E+00  2.84410710700160E+00  9.78983560771333E+00  2.73856716165601E-18  0.00000000000000E+00  2.75392491195572E+00  0.00000000000000E+00
    11.400000
  6.81880020870083E+00  3.33124069023535E+00  2.96806782786629E+00  1.02141012087816E+01 -2.02932047545019E-17  0.00000000000000E+00  2.87353438111147E+00  0.00000000000000E+00
    11.475000
  7.11583774333593E+00  3.47583986309919E+00  3.09741488114232E+00  1.06567473402537E+01  9.20533331625295E-18  0.00000000000000E+00  2.99833676772043E+00  0.00000000000000E+00
    11.550000
  7.42577921473949E+00  3.62677923751388E+00  3.23238369502582E+00  1.11185740754162E+01  1.64094809935605E-17  0.00000000000000E+00  3.12855799070336E+00  0.00000000000000E+00
    11.625000
  7.74918308244028E+00  3.78433858537284E+00  3.37322004297732E+00  1.16004166353316E+01  1.33168097372296E-18  0.00000000000000E+00  3.26443382133362E+00  0.00000000000000E+00
    11.700000
  8.08663199635435E+00  3.94880986918935E+00  3.52018047582925E+00  1.21031469157449E+01 -1.72835130703034E-17  0.00000000000000E+00  3.40621030983493E+00  0.00000000000000E+00
    11.775000
  8.43873385131165E+00  4.12049774590207E+00  3.67353278022879E+00  1.26276750758735E+01 -4.26252175641056E-17  0.00000000000000E+00  3.55414423021461E+00  0.00000000000000E+00
    11.850000
  8.80612288800553E+00  4.29972008783853E+00  3.83355646248121E+00  1.31749511922923E+01 -6.80078667834931E-17  0.00000000000000E+00  3.70850354383419E+00  0.00000000000000E+00
    11.925000
  9.18946084259655E+00  4.48680852313442E+00  4.00054325332643E+00  1.37459669815854E+01 -8.52902724504455E-17  0.00000000000000E+00  3.86956788241346E+00  0.00000000000000E+00
    12.000000
  9.58943814715392E+00  4.68210899877911E+00  4.17479762884194E+00  1.43417575955013E+01 -9.48490268681504E-17  0.00000000000000E+00  4.03762905141071E+00  0.00000000000000E+00
    12.075000
  1.00067751830470E+01  4.88598236906726E+00  4.35663734522992E+00  1.49634034921772E+01 -7.47158642440290E-18  0.00000000000000E+00  4.21299155491294E+00  0.00000000000000E+00
    12.150000
  1.04422235894068E+01  5.09880501104986E+00  4.54639398902884E+00  1.56120323868535E+01 -2.46182019019497E-17  0.00000000000000E+00  4.39597314325101E+00  0.00000000000000E+00
    12.225000
  1.08965676288982E+01  5.32096946744222E+00  4.74441354730163E+00  1.62888212855930E+01 -4.21228295719250E-17  0.00000000000000E+00  4.58690538454582E+00  0.00000000000000E+00
    12.300000
  1.13706256132400E+01  5.55288511701209E+00  4.95105700336638E+00  1.69949986058449E+01  3.78751153640915E-17  0.00000000000000E+00  4.78613426134882E+00  0.00000000000000E+00
    12.375000
  1.18652513911116E+01  5.79497887287003E+00  5.16670096259652E+00  1.77318463881293E+01  7.38381465224319E-18  0.00000000000000E+00  4.99402079350962E+00  0.00000000000000E+00
    12.450000
  1.23813359012324E+01  6.04769590995952E+00  5.39173831058444E+00  1.85007026035364E+01 -3.75705339559056E-17  0.00000000000000E+00  5.21094168840948E+00  0.00000000000000E+00
    12.525000
  1.29198087934916E+01  6.31150042382556E+00  5.62657890373125E+00  1.93029635619580E+01 -8.96266374139830E-19  0.00000000000000E+00  5.43729001973744E+00  0.00000000000000E+00
    12.600000
  1.34816401210774E+01  6.58687642301040E+00  5.87165029104654E+00  2.01400864259732E+01  4.14170509112558E-18  0.00000000000000E+00  5.67347593603815E+00  0.00000000000000E+00
    12.675000
  1.40678421066510E+01  6.87432855717233E+00  6.12739846594836E+00  2.10135918351724E+01  8.09849164319202E-18  0.00000000000000E+00  5.91992740031222E+00  0.00000000000000E+00
    12.750000
  1.46794709857578E+01  7.17438298256831E+00  6.39428864788718E+00  2.19250666455632E+01 -5.81748802598040E-17  0.00000000000000E+00  6.17709096200189E+00  0.00000000000000E+00
    12.825000
  1.53176289308412E+01  7.48758826625304E+00  6.67280609512720E+00  2.28761667886101E+01  2.90121678916567E-17  0.00000000000000E+00  6.44543256275188E+00  0.00000000000000E+00
    12.900000
  1.59834660594016E+01  7.81451633042914E+00  6.96345695141585E+00  2.38686202544653E+01  8.16569302669878E-17  0.00000000000000E+00  6.72543837739409E+00  0.00000000000000E+00
    12.975000
  1.66781825299823E+01  8.15576343879568E+00  7.26676913008554E+00  2.49042302040948E+01 -4.45532925879725E-17  0.00000000000000E+00  7.01761569165517E+00  0.00000000000000E+00
    13.050000
  1.74030307297685E+01  8.51195122723553E+00  7.58329323916034E+00  2.59848782152347E+01  1.25880129050718E-17  0.00000000000000E+00  7.32249381812508E+00  0.00000000000000E+00
    13.125000
  1.81593175576783E+01  8.88372778147375E+00  7.91360355039150E+00  2.71125276673971E+01  8.45590661111635E-17  0.00000000000000E+00  7.64062505205188E+00  0.00000000000000E+00
    13.200000
  1.89484068069499E+01  9.27176876433502E+00  8.25829901412110E+00  2.82892272715015E+01 -1.18011832008985E-16  0.00000000000000E+00  7.97258566855657E+00  0.00000000000000E+00
    13.275000
  1.97717216513917E+01  9.67677859503160E+00  8.61800432088146E+00  2.95171147501647E+01 -8.35794002045861E-17  0.00000000000000E+00  8.31897696291938E+00  0.00000000000000E+00
    13.350000
  2.06307472396756E+01  1.00994916827021E+01  8.99337101011334E+00  3.07984206751975E+01 -2.86780036097924E-17  0.00000000000000E+00  8.68042633569683E+00  0.00000000000000E+00
    13.425000
  2.15270334022792E+01  1.05406737163487E+01  9.38507862658768E+00  3.21354724694037E+01 -2.22191793096950E-16  0.00000000000000E+00  9.05758842458361E+00  0.00000000000000E+00
    13.500000
  2.24621974759035E+01  1.10011230134566E+01  9.79383592596065E+00  3.35306985803858E+01 -2.04359379344785E-17  0.00000000000000E+00  9.45114628511102E+00  0.00000000000000E+00
    13.575000
  2.34379272503858E+01  1.14816719298532E+01  1.02203821320354E+01  3.49866328346602E+01  3.95724209102187E-16  0.00000000000000E+00  9.86181262244633E+00  0.00000000000000E+00
    13.650000
  2.44559840433221E+01  1.19831883336211E+01  1.06654882493214E+01  3.65059189809268E+01 -7.08239053684020E-17  0.00000000000000E+00  1.02903310766984E+01  0.00000000000000E+00
    13.725000
  2.55182059078203E+01  1.25065771460296E+01  1.11299584350057E+01  3.80913154318368E+01 -9.85761052052521E-17  0.00000000000000E+00  1.07374775642339E+01  0.00000000000000E+00
    13.800000
  2.66265109790584E+01  1.30527819525075E+01  1.16146314343336E+01  3.97457002140464E+01 -1.04159530504083E-16  0.00000000000000E+00  1.12040616775838E+01  0.00000000000000E+00
    13.875000
  2.77829009656158E+01  1.36227866866748E+01  1.21203820828362E+01  4.14720761366863E+01 -1.95475147889953E-16  0.00000000000000E+00  1.16909281465992E+01  0.00000000000000E+00
    13.950000
  2.89894647918672E+01  1.42176173904675E+01  1.26481228781964E+01  4.32735761885964E+01 -1.27277957800164E-16  0.00000000000000E+00  1.21989583636084E+01  0.00000000000000E+00
    14.025000
  3.02483823980557E+01  1.48383440535041E+01  1.31988056241013E+01  4.51534691748240E+01 -2.74651706448879E-16  0.00000000000000E+00  1.27290719754366E+01  0.00000000000000E+00
    14.100000
  3.15619287049666E+01  1.54860825350802E+01  1.37734231483332E+01  4.71151656029728E+01  7.92828458647310E-17  0.00000000000000E+00  1.32822285452630E+01  0.00000000000000E+00
    14.175000
  3.29324777504076E+01  1.61619965724813E+01  1.43730110975899E+01  4.91622238300418E+01 -1.50133316534682E-16  0.00000000000000E+00  1.38594292873976E+01  0.00000000000000E+00
    14.250000
  3.43625070049818E+01  1.68672998796157E+01  1.49986498119607E+01  5.12983564805047E+01 -5.54516764097706E-17  0.00000000000000E+00  1.44617188781469E+01  0.00000000000000E+00
    14.325000
  3.58546018749231E+01  1.76032583402502E+01  1.56514662824133E+01  5.35274371466006E+01  1.06851360915753E-16  0.00000000000000E+00  1.50901873460191E+01  0.00000000000000E+00
    14.400000
  3.74114604000669E+01  1.83711923003160E+01  1.63326361950098E+01  5.58535073821360E+01 -6.86934778324602E-17  0.00000000000000E+00  1.57459720446144E+01  0.00000000000000E+00
    14.475000
  3.90358981553604E+01  1.91724789638183E+01  1.70433860658473E+01  5.82807840015271E+01 -1.07573928291748E-16  0.00000000000000E+00  1.64302597116563E+01  0.00000000000000E+00
    14.550000
  4.07308533646621E+01  2.00085548968904E+01  1.77849954708876E+01  6.08136666963667E+01 -1.49736446298740E-16  0.00000000000000E+00  1.71442886177583E+01  0.00000000000000E+00
    14.625000
  4.24993922359453E+01  2.08809186445486E+01  1.85587993748933E+01  6.34567459824545E+01 -3.21630820709452E-16  0.00000000000000E+00  1.78893508086727E+01  0.00000000000000E+00
    14.700000
  4.43447145273988E+01  2.17911334647770E+01  1.93661905636508E+01  6.62148114909659E+01  4.09983437642486E-16  0.00000000000000E+00  1.86667944449437E+01  0.00000000000000E+00
    14.775000
  4.62701593543162E+01  2.27408301847609E+01  2.02086221836151E+01  6.90928606182730E+01 -7.63158700246116E-17  0.00000000000000E+00  1.94780262430726E+01  0.00000000000000E+00
    14.850000
  4.82792112470901E+01  2.37317101843827E+01  2.10876103931085E+01  7.20961075498764E+01  1.25834540008734E-17  0.00000000000000E+00  2.03245140225023E+01  0.00000000000000E+00
    14.925000
  5.03755064710774E+01  2.47655485124290E+01  2.20047371293943E+01  7.52299926748883E+01 -2.60729761118865E-16  0.00000000000000E+00  2.12077893629637E+01  0.00000000000000E+00
    15.000000
  5.25628396195814E+01  2.58441971412408E+01  2.29616529963709E+01  7.85001924085127E+01  3.09473905178725E-16  0.00000000000000E+00  2.21294503769694E+01  0.00000000000000E+00
    15.075000
  5.48451704917075E+01  2.69695883657302E+01  2.39600802782092E+01  8.19126294409444E+01 -2.98763628473673E-16  0.00000000000000E+00  2.30911646025022E+01  0.00000000000000E+00
    15.150000
  5.72266312673813E+01  2.81437383528047E+01  2.50018160848108E+01  8.54734834320337E+01 -8.11699787062065E-17  0.00000000000000E+00  2.40946720212037E+01  0.00000000000000E+00
    15.225000
  5.97115339923925E+01  2.93687508473358E+01  2.60887356353387E+01  8.91892021719100E+01  8.07127453965889E-17  0.00000000000000E+00  2.51417882076140E+01  0.00000000000000E+00
    15.300000
  6.23043783869244E+01  3.06468210409778E+01  2.72227956861854E+01  9.30665132285536E+01 -5.14496593508730E-16  0.00000000000000E+00  2.62344076152515E+01  0.00000000000000E+00
    15.375000
  6.50098599916626E+01  3.19802396104497E+01  2.84060381096448E+01  9.71124361040647E+01 -2.60309586144356E-16  0.00000000000000E+00  2.73745070055618E+01  0.00000000000000E+00
    15.450000
  6.78328786662301E+01  3.33713969323199E+01  2.96405936294262E+01  1.01334294922119E+02  1.45907200452892E-16  0.00000000000000E+00  2.85641490260067E+01  0.00000000000000E+00
    15.525000
  7.07785474553685E+01  3.48227874818069E+01  3.09286857191922E+01  1.05739731669836E+02  2.36808119631645E-16  0.00000000000000E+00  2.98054859438336E+01  0.00000000000000E+00
    15.600000
  7.38522018389706E+01  3.63370144235438E+01  3.22726346705805E+01  1.10336720018033E+02  2.87927327749150E-16  0.00000000000000E+00  3.11007635423370E+01  0.00000000000000E+00
    15.675000
  7.70594093827739E+01  3.79167944025863E+01  3.36748618376317E+01  1.15133579744598E+02  2.51859193451619E-16  0.00000000000000E+00  3.24523251867067E+01  0.00000000000000E+00
    15.750000
  8.04059798072508E+01  3.95649625441507E+01  3.51378940650609E+01  1.20138991786503E+02  1.59909442923425E-16  0.00000000000000E+00  3.38626160668395E+01  0.00000000000000E+00
    15.825000
  8.38979754929946E+01  4.12844776707179E+01  3.66643683082805E+01  1.25362013946806E+02 -6.66592319420536E-17  0.00000000000000E+00  3.53341876247698E+01  0.00000000000000E+00
    15.900000
  8.75417224416787E+01  4.30784277453378E+01  3.82570364535565E+01  1.30812097283984E+02  1.72835020517125E-16  0.00000000000000E+00  3.68697021746495E+01  0.00000000000000E+00
    15.975000
  9.13438217124563E+01  4.49500355504559E+01  3.99187703472238E+01  1.36499103212396E+02 -1.72707730468872E-16  0.00000000000000E+00  3.84719377234894E+01  0.00000000000000E+00
    16.050000
  9.53111613544416E+01  4.69026646124976E+01  4.16525670433353E+01  1.42433321344521E+02  4.67657219446140E-19  0.00000000000000E+00  4.01437930011901E+01  0.00000000000000E+00
    16.125000
  9.94509288567294E+01  4.89398253835175E+01  4.34615542793236E+01  1.48625488107414E+02  6.30220618389713E-16  0.00000000000000E+00  4.18882927087924E+01  0.00000000000000E+00
    16.200000
  1.03770624138325E+02  5.10651816918342E+01  4.53489961894583E+01  1.55086806166849E+02  2.59666617977667E-17  0.00000000000000E+00  4.37085929943382E+01  0.00000000000000E+00
    16.275000
  1.08278073101384E+02  5.32825574735567E+01  4.73182992663597E+01  1.61828964693512E+02 -1.61494430564688E-16  0.00000000000000E+00  4.56079871661781E+01  0.00000000000000E+00
    16.350000
  1.12981441772255E+02  5.55959437968523E+01  4.93730185813254E+01  1.68864160507241E+02  2.64341856824076E-16  0.00000000000000E+00  4.75899116539686E+01  0.00000000000000E+00
    16.425000
  1.17889251055899E+02  5.80095061911668E+01  5.15168642742207E+01  1.76205120137570E+02 -3.40462894888649E-16  0.00000000000000E+00  4.96579522280575E+01  0.00000000000000E+00
    16.500000
  1.23010392130460E+02  6.05275922940025E+01  5.37537083233783E+01  1.83865122840646E+02 -4.83628733219750E-16  0.00000000000000E+00  5.18158504885229E+01  0.00000000000000E+00
    16.575000
  1.28354142510025E+02  6.31547398277162E+01  5.60875916061487E+01  1.91858024613472E+02 -8.03737015149108E-16  0.00000000000000E+00  5.40675106357274E+01  0.00000000000000E+00
    16.650000
  1.33930182804948E+02  6.58956849185993E+01  5.85227312617118E+01  2.00198283247630E+02  1.05428930332513E-15  0.00000000000000E+00  5.64170065347625E+01  0.00000000000000E+00
    16.725000
  1.39748614210354E+02  6.87553707712892E+01  6.10635283689503E+01  2.08900984467330E+02 -1.28924159834266E-15  0.00000000000000E+00  5.88685890866090E+01  0.00000000000000E+00
    16.800000
  1.45819976754494E+02  7.17389567135583E+01  6.37145759531294E+01  2.17981869200461E+02 -9.57338542767975E-16  0.00000000000000E+00  6.14266939193699E+01  0.00000000000000E+00
    16.875000
  1.52155268339858E+02  7.48518276286748E+01  6.64806673360753E+01  2.27457362034698E+02 -1.20976309215019E-15  0.00000000000000E+00  6.40959494136022E+01  0.00000000000000E+00
    16.950000
  1.58765964611181E+02  7.80996037938146E+01  6.93668048457967E+01  2.37344600912799E+02  5.99293112342471E-16  0.00000000000000E+00  6.68811850764876E+01  0.00000000000000E+00
    17.025000
  1.65664039686100E+02  8.14881511434954E+01  7.23782089027245E+01  2.47661468122891E+02  1.38706565503645E-15  0.00000000000000E+00  6.97874402802301E+01  0.00000000000000E+00
    17.100000
  1.72861987785797E+02  8.50235919774010E+01  7.55203275003736E+01  2.58426622641618E+02 -2.26113082498133E-16  0.00000000000000E+00  7.28199733806648E+01  0.00000000000000E+00
    17.175000
  1.80372845804742E+02  8.87123161325110E+01  7.87988460982701E+01  2.69659533890586E+02 -1.71096420973287E-16  0.00000000000000E+00  7.59842712327148E+01  0.00000000000000E+00
    17.250000
  1.88210216860521E+02  9.25609926398034E+01  8.22196979450236E+01  2.81380516968609E+02  9.82554854876799E-16  0.00000000000000E+00  7.92860591200697E+01  0.00000000000000E+00
    17.325000
  1.96388294866684E+02  9.65765818857452E+01  8.57890748498548E+01  2.93610769423645E+02  1.06645697314404E-15  0.00000000000000E+00  8.27313111172203E+01  0.00000000000000E+00
    17.400000
  2.04921890173663E+02  1.00766348298717E+02  8.95134384215848E+01  3.06372409629534E+02 -6.48692735918713E-16  0.00000000000000E+00  8.63262609026945E+01  0.00000000000000E+00
    17.475000
  2.13826456324799E+02  1.05137873581013E+02  9.33995317947334E+01  3.19688516834421E+02  3.14156346631635E-16  0.00000000000000E+00  9.00774130430169E+01  0.00000000000000E+00
    17.550000
  2.23118117976542E+02  1.09699070508299E+02  9.74543918629406E+01  3.33583172950430E+02  1.03469690654655E-15  0.00000000000000E+00  9.39915547676115E+01  0.00000000000000E+00
    17.625000
  2.32813700033811E+02  1.14458197320185E+02  1.01685362040613E+02  3.48081506157389E+02 -9.64132541907051E-16  0.00000000000000E+00  9.80757682556463E+01  0.00000000000000E+00
    17.700000
  2.42930758053534E+02  1.19423872727498E+02  1.06100105574638E+02  3.63209736397077E+02  1.00732346110650E-16  0.00000000000000E+00  1.02337443456680E+02  0.00000000000000E+00
    17.775000
  2.53487609971435E+02  1.24605091563657E+02  1.10706619429152E+02  3.78995222838401E+02  2.30875674386602E-17  0.00000000000000E+00  1.06784291467927E+02  0.00000000000000E+00
    17.850000
  2.64503369209367E+02  1.30011241109222E+02  1.15513248767667E+02  3.95466513398211E+02 -1.87339910477639E-15  0.00000000000000E+00  1.11424358491981E+02  0.00000000000000E+00
    17.925000
  2.75997979222819E+02  1.35652118120065E+02  1.20528702058251E+02  4.12653396407028E+02 -8.46020271857613E-16  0.00000000000000E+00  1.16266040399994E+02  0.00000000000000E+00
    18.000000
  2.87992249550765E+02  1.41537946590772E+02  1.25762066828929E+02  4.30586954513847E+02 -1.10065829783172E-15  0.00000000000000E+00  1.21318097926468E+02  0.00000000000000E+00
    18.075000
  3.00507893432748E+02  1.47679396285833E+02  1.31222826102088E+02  4.49299620929080E+02 -2.36539616733201E-15  0.00000000000000E+00  1.26589672523175E+02  0.00000000000000E+00
    18.150000
  3.13567567060966E+02  1.54087602072026E+02  1.36920875538208E+02  4.68825238109650E+02 -6.08413889842620E-17  0.00000000000000E+00  1.32090302900990E+02  0.00000000000000E+00
    18.225000
  3.27194910538221E+02  1.60774184086280E+02  1.42866541320823E+02  4.89199118995194E+02  3.70149004248863E-16  0.00000000000000E+00  1.37829942289856E+02  0.00000000000000E+00
    18.300000
  3.41414590615831E+02  1.67751268774432E+02  1.49070598816024E+02  5.10458110909214E+02 -3.21639300833338E-16  0.00000000000000E+00  1.43818976448456E+02  0.00000000000000E+00
    18.375000
  3.56252345288944E+02  1.75031510837598E+02  1.55544292041184E+02  5.32640662243890E+02  2.57194835382432E-16  0.00000000000000E+00  1.50068242456605E+02  0.00000000000000E+00
    18.450000
  3.71735030330231E+02  1.82628116124544E+02  1.62299353978918E+02  5.55786892052107E+02 -6.11450484582095E-17  0.00000000000000E+00  1.56589048324783E+02  0.00000000000000E+00
    18.525000
  3.87890667846504E+02  1.90554865510304E+02  1.69348027773606E+02  5.79938662675028E+02  1.23454089912063E-15  0.00000000000000E+00  1.63393193456702E+02  0.00000000000000E+00
    18.600000
  4.04748496946586E+02  1.98826139803377E+02  1.76703088849164E+02  6.05139655538364E+02 -9.54613840587074E-16  0.00000000000000E+00  1.70492990002247E+02  0.00000000000000E+00
    18.675000
  4.22339026612563E+02  2.07456945726023E+02  1.84377867988173E+02  6.31435450255368E+02 -3.58085394949101E-15  0.00000000000000E+00  1.77901285139667E+02  0.00000000000000E+00
    18.750000
  4.40694090870588E+02  2.16462943014484E+02  1.92386275413969E+02  6.58873607179582E+02  6.89339820543314E-16  0.00000000000000E+00  1.85631484327431E+02  0.00000000000000E+00
    18.825000
  4.59846906361472E+02  2.25860472688241E+02  2.00742825918891E+02  6.87503753555713E+02  1.44873153562449E-15  0.00000000000000E+00  1.93697575567788E+02  0.00000000000000E+00
    18.900000
  4.79832132415658E+02  2.35666586539794E+02  2.09462665083591E+02  7.17377673422641E+02 -3.80751468099976E-15  0.00000000000000E+00  2.02114154725790E+02  0.00000000000000E+00
    18.975000
  5.00685933741537E+02  2.45899077898737E+02  2.18561596634200E+02  7.48549401428732E+02  4.50987766413632E-15  0.00000000000000E+00  2.10896451949322E+02  0.00000000000000E+00
    19.050000
  5.22446045840803E+02  2.56576513726272E+02  2.28056110986153E+02  7.81075320726323E+02 -1.77002786802589E-16  0.00000000000000E+00  2.20060359237586E+02  0.00000000000000E+00
    19.125000
  5.45151843269294E+02  2.67718268098660E+02  2.37963415025706E+02  8.15014265119506E+02 -1.89282667592202E-15  0.00000000000000E+00  2.29622459207535E+02  0.00000000000000E+00
    19.200000
  5.68844410866912E+02  2.79344557140532E+02  2.48301463182579E+02  8.50427625647283E+02 -2.61289220624146E-15  0.00000000000000E+00  2.39600055109879E+02  0.00000000000000E+00
    19.275000
  5.93566618085438E+02  2.91476475471474E+02  2.59088989849692E+02  8.87379461792574E+02  1.49429839046712E-15  0.00000000000000E+00  2.50011202148586E+02  0.00000000000000E+00
    19.350000
  6.19363196548660E+02  3.04136034231937E+02  2.70345543208667E+02  9.25936617516655E+02 -4.09892749050134E-15  0.00000000000000E+00  2.60874740160214E+02  0.00000000000000E+00
    19.425000
  6.46280820985007E+02  3.17346200757261E+02  2.82091520522541E+02  9.66168842328017E+02 -1.90808856549349E-15  0.00000000000000E+00  2.72210327711912E+02  0.00000000000000E+00
    19.500000
  6.74368193678979E+02  3.31130939971553E+02  2.94348204959996E+02  1.00814891760463E+03  2.72935364982256E-15  0.00000000000000E+00  2.84038477679639E+02  0.00000000000000E+00
    19.575000
  7.03676132594025E+02  3.45515257576251E+02  3.07137804018310E+02  1.05195278839877E+03 -6.83609303874434E-15  0.00000000000000E+00  2.96380594370902E+02  0.00000000000000E+00
    19.650000
  7.34257663326202E+02  3.60525245111546E+02  3.20483489615228E+02  1.09765970096413E+03  5.39616082399861E-15  0.00000000000000E+00  3.09259012259193E+02  0.00000000000000E+00
    19.725000
  7.66168115054909E+02  3.76188126972282E+02  3.34409439922951E+02  1.14535234625577E+03 -2.50322633763633E-15  0.00000000000000E+00  3.22697036400366E+02  0.00000000000000E+00
    19.800000
  7.99465220664286E+02  3.92532309463641E+02  3.48940883020584E+02  1.19511700966438E+03  1.02940790520925E-15  0.00000000000000E+00  3.36718984604262E+02  0.00000000000000E+00
    19.875000
  8.34209221216472E+02  4.09587431985742E+02  3.64104142444597E+02  1.24704372725774E+03 -4.23502303214043E-15  0.00000000000000E+00  3.51350231438157E+02  0.00000000000000E+00
    19.950000
  8.70462974965869E+02  4.27384420440262E+02  3.79926684720178E+02  1.30122644881358E+03  1.70904600690216E-15  0.00000000000000E+00  3.66617254141943E+02  0.00000000000000E+00
    20.025000
  9.08292071111839E+02  4.45955542956306E+02  3.96437168959860E+02  1.35776320794020E+03 -5.95501947417599E-15  0.00000000000000E+00  3.82547680538386E+02  0.00000000000000E+00
    20.100000
  9.47764948495888E+02  4.65334468037037E+02  4.13665498619394E+02  1.41675629959333E+03 -3.88900020353164E-15  0.00000000000000E+00  3.99170339025439E+02  0.00000000000000E+00
    20.175000
  9.88953019458387E+02  4.85556325233036E+02  4.31642875504638E+02  1.47831246531041E+03 -2.18416790461959E-15  0.00000000000000E+00  4.16515310741238E+02  0.00000000000000E+00
    20.250000
  1.03193079907925E+03  5.06657768452956E+02  4.50401856127189E+02  1.54254308649684E+03 -4.30480227691781E-16  0.00000000000000E+00  4.34613983996309E+02  0.00000000000000E+00
    20.325000
  1.07677604003678E+03  5.28677042026836E+02  4.69976410510655E+02  1.60956438611275E+03 -1.50803616360248E-16  0.00000000000000E+00  4.53499111071520E+02  0.00000000000000E+00
    20.400000
  1.12356987332892E+03  5.51654049642479E+02  4.90401983553848E+02  1.67949763912328E+03 -5.55392733558103E-15  0.00000000000000E+00  4.73204867484481E+02  0.00000000000000E+00
    20.475000
  1.17239695511196E+03  5.75630426280470E+02  5.11715559061810E+02  1.75246939209082E+03 -7.56905972104022E-15  0.00000000000000E+00  4.93766913831506E+02  0.00000000000000E+00
    20.550000
  1.22334561992259E+03  6.00649613278919E+02  5.33955726560423E+02  1.82861169230377E+03 -9.43826503621288E-15  0.00000000000000E+00  5.15222460316779E+02  0.00000000000000E+00
    20.625000
  1.27650804056061E+03  6.26756936664657E+02  5.57162751015479E+02  1.90806232685344E+03  7.39255641942125E-15  0.00000000000000E+00  5.37610334085227E+02  0.00000000000000E+00
    20.700000
  1.33198039492194E+03  6.53999688893635E+02  5.81378645582364E+02  1.99096507208859E+03  9.02174102620414E-15  0.00000000000000E+00  5.60971049480564E+02  0.00000000000000E+00
    20.775000
  1.38986304008364E+03  6.82427214149436E+02  6.06647247518084E+02  2.07746995389603E+03 -2.22723151121531E-15  0.00000000000000E+00  5.85346881355286E+02  0.00000000000000E+00
    20.850000
  1.45026069395595E+03  7.12090997355381E+02  6.33014297393132E+02  2.16773351927545E+03 -5.25802876155146E-16  0.00000000000000E+00  6.10781941564913E+02  0.00000000000000E+00
    20.925000
  1.51328262482993E+03  7.43044757062449E+02  6.60527521746710E+02  2.26191911969763E+03 -7.36865313799776E-15  0.00000000000000E+00  6.37322258784562E+02  0.00000000000000E+00
    21.000000
  1.57904284916335E+03  7.75344542382343E+02  6.89236719335120E+02  2.36019720675702E+03 -1.90652859626728E-15  0.00000000000000E+00  6.65015861792033E+02  0.00000000000000E+00
    21.075000
  1.64766033796256E+03  8.09048834142366E+02  7.19193851129715E+02  2.46274564065263E+03 -9.51511340672857E-15  0.00000000000000E+00  6.93912866367947E+02  0.00000000000000E+00
    21.150000
  1.71925923213339E+03  8.44218650446441E+02  7.50453134227684E+02  2.56975001205521E+03  4.84109688024716E-15  0.00000000000000E+00  7.24065565970147E+02  0.00000000000000E+00
    21.225000
  1.79396906719042E+03  8.80917656834574E+02  7.83071139846166E+02  2.68140397794389E+03  9.08526267878893E-15  0.00000000000000E+00  7.55528526346536E+02  0.00000000000000E+00
    21.300000
  1.87192500773088E+03  9.19212281241288E+02  8.17106895577715E+02  2.79790961202140E+03  3.35102235652219E-15  0.00000000000000E+00  7.88358684257818E+02  0.00000000000000E+00
    21.375000
  1.95326809209725E+03  9.59171833962193E+02  8.52621992093052E+02  2.91947777034427E+03  5.38142389880896E-15  0.00000000000000E+00  8.22615450489158E+02  0.00000000000000E+00
    21.450000
  2.03814548767099E+03  1.00086863284678E+03  8.89680694485208E+02  3.04632847283272E+03  3.32055760346102E-15  0.00000000000000E+00  8.58360817337720E+02  0.00000000000000E+00
    21.525000
  2.12671075725936E+03  1.04437813394490E+03  9.28350058457756E+02  3.17869130135366E+03  6.97024438501066E-15  0.00000000000000E+00  8.95659470771178E+02  0.00000000000000E+00
    21.600000
  2.21912413705733E+03  1.08977906784409E+03  9.68700051568646E+02  3.31680581510069E+03 -1.10601777725198E-14  0.00000000000000E+00  9.34578907460860E+02  0.00000000000000E+00
    21.675000
  2.31555282668771E+03  1.13715358194523E+03  1.01080367975035E+03  3.46092198402577E+03  6.73177992364681E-15  0.00000000000000E+00  9.75189556901950E+02  0.00000000000000E+00
    21.750000
  2.41617129184465E+03  1.18658738893471E+03  1.05473711933647E+03  3.61130064110905E+03 -1.01530247349977E-14  0.00000000000000E+00  1.01756490884237E+03  0.00000000000000E+00
    21.825000
  2.52116158008856E+03  1.23816992172251E+03  1.10057985483477E+03  3.76821395428683E+03 -4.27787589746532E-15  0.00000000000000E+00  1.06178164625140E+03  0.00000000000000E+00
    21.900000
  2.63071365036419E+03  1.29199449512746E+03  1.14841482269672E+03  3.93194591889118E+03  2.38586150453276E-14  0.00000000000000E+00  1.10791978406888E+03  0.00000000000000E+00
    21.975000
  2.74502571683872E+03  1.34815847460347E+03  1.19832856134411E+03  4.10279287149091E+03  1.23255399065393E-14  0.00000000000000E+00  1.15606281398629E+03  0.00000000000000E+00
    22.050000
  2.86430460768223E+03  1.40676345231327E+03  1.25041136772422E+03  4.28106402606026E+03 -3.90185721555456E-15  0.00000000000000E+00  1.20629785552130E+03  0.00000000000000E+00
    22.125000
  2.98876613944016E+03  1.46791543086994E+03  1.30475746067664E+03  4.46708203344108E+03 -7.59102422761005E-15  0.00000000000000E+00  1.25871581365890E+03  0.00000000000000E+00
    22.200000
  3.11863550767506E+03  1.53172501508057E+03  1.36146515140651E+03  4.66118356510501E+03  1.11766123501002E-14  0.00000000000000E+00  1.31341154334360E+03  0.00000000000000E+00
    22.275000
  3.25414769458437E+03  1.59830761204094E+03  1.42063702137211E+03  4.86371992226582E+03  9.24976959886438E-15  0.00000000000000E+00  1.37048402111965E+03  0.00000000000000E+00
    22.350000
  3.39554789433133E+03  1.66778363994538E+03  1.48238010790751E+03  5.07505767143816E+03 -8.13656149882522E-15  0.00000000000000E+00  1.43003652422899E+03  0.00000000000000E+00
    22.425000
  3.54309195685798E+03  1.74027874599159E+03  1.54680609791585E+03  5.29557930758760E+03  2.57576305885456E-14  0.00000000000000E+00  1.49217681749019E+03  0.00000000000000E+00
    22.500000
  3.69704685098228E+03  1.81592403377643E+03  1.61403152998307E+03  5.52568394606855E+03  1.86293383459742E-15  0.00000000000000E+00  1.55701734829587E+03  0.00000000000000E+00
