&parameters
!s0, alpha0 =    0.4900000   0.0000000
!major, minor radius[m]=    5.5275600   0.5135200
!Bref =    2.9783001
my_dpdx =   -0.0000381
q0 =    1.1282065
shat =   -0.1319892
gridpoints =   256
n_pol =   1
/
    2.3471026923E+00    2.0801049982E+00    2.3562602954E+00    1.0979009333E+00    1.1077512953E+01    3.8449297210E-02    1.1026365441E-01   -1.6710857412E-01    5.4623490888E+00
    2.0995193364E+00    1.9017360976E+00    2.2912997207E+00    1.0935286342E+00    1.1168487918E+01    3.9741236556E-02    1.0913947896E-01   -2.2297645852E-01    5.4024141634E+00
    1.8600690531E+00    1.7126973374E+00    2.2104226388E+00    1.0862493671E+00    1.1317878642E+01    3.0693142937E-02    1.0451181265E-01   -3.6952908228E-01    5.3410722065E+00
    1.6387868766E+00    1.5250152820E+00    2.1245952716E+00    1.0760317742E+00    1.1529321918E+01    4.4241120897E-03    1.0425382711E-01   -4.0734740819E-01    5.2792858567E+00
    1.4574266713E+00    1.3587714001E+00    2.0480915616E+00    1.0679130155E+00    1.1703655215E+01   -2.1916303943E-02    1.1022648740E-01   -2.1603881023E-01    5.2186260565E+00
    1.3223696656E+00    1.2167613993E+00    1.9770260010E+00    1.0656223620E+00    1.1755754390E+01   -2.4628053675E-02    1.1378858253E-01   -8.4880619532E-03    5.1607070570E+00
    1.2149089875E+00    1.0778418498E+00    1.8883484077E+00    1.0649506513E+00    1.1770406719E+01   -6.2410975635E-03    1.0375331258E-01   -1.0692945909E-01    5.1062437378E+00
    1.1144502629E+00    9.2535367004E-01    1.7719360071E+00    1.0583785371E+00    1.1917086691E+01    5.2465210270E-03    7.9761784776E-02   -4.3416528405E-01    5.0549882874E+00
    1.0211769623E+00    7.7106835765E-01    1.6503467889E+00    1.0451755710E+00    1.2224236104E+01   -5.6122598986E-03    5.3568485958E-02   -6.0434701219E-01    5.0067626475E+00
    9.4707909915E-01    6.3971090259E-01    1.5546345719E+00    1.0318366867E+00    1.2544917271E+01   -3.0283472939E-02    4.0975980272E-02   -4.4615818632E-01    4.9623116608E+00
    8.9842556968E-01    5.4205751742E-01    1.4929126707E+00    1.0242121056E+00    1.2727695013E+01   -5.0241081088E-02    4.7251692635E-02   -1.6739679158E-01    4.9231422010E+00
    8.7216667093E-01    4.6930964947E-01    1.4476472337E+00    1.0217210219E+00    1.2787051172E+01   -5.2415509396E-02    5.6003725646E-02   -6.9779703585E-02    4.8905712855E+00
    8.5870835534E-01    4.0661786887E-01    1.3997073371E+00    1.0188837674E+00    1.2860775755E+01   -4.4072608987E-02    4.9233806715E-02   -1.9639171428E-01    4.8650142986E+00
    8.4715288615E-01    3.4561124187E-01    1.3479154026E+00    1.0119079874E+00    1.3038463521E+01   -4.2550879577E-02    3.0734042898E-02   -3.5512271479E-01    4.8463130910E+00
    8.3359782021E-01    2.8723138542E-01    1.3042276372E+00    1.0030999689E+00    1.3268651520E+01   -5.1542039997E-02    1.1793115792E-02   -3.1713758626E-01    4.8345681196E+00
    8.2150656704E-01    2.3838896638E-01    1.2803938534E+00    9.9824138061E-01    1.3399060523E+01   -5.7566709396E-02   -4.5388843537E-03   -6.6770340703E-02    4.8303524507E+00
    8.1193719309E-01    2.0253813872E-01    1.2778815430E+00    9.9901038684E-01    1.3375398249E+01   -5.2236807256E-02   -1.5987093282E-02    9.9734053180E-02    4.8340123221E+00
    8.0178945817E-01    1.7549115947E-01    1.2865647587E+00    1.0011273799E+00    1.3319998899E+01   -4.4285521613E-02   -2.1890064792E-02    4.8842073199E-02    4.8452812997E+00
    7.8998299976E-01    1.5166818203E-01    1.2982360524E+00    1.0020206200E+00    1.3300546931E+01   -3.8292611929E-02   -2.7457834164E-02    3.9834919765E-02    4.8637564421E+00
    7.7694096779E-01    1.2675389717E-01    1.3178090290E+00    1.0046358684E+00    1.3227811565E+01   -2.4670468816E-02   -3.5014738242E-02    2.0201589410E-01    4.8889839154E+00
    7.6067189665E-01    9.8005890838E-02    1.3550167833E+00    1.0112615658E+00    1.3051228193E+01   -1.3546695854E-03   -4.3116740877E-02    3.2202435175E-01    4.9200167886E+00
    7.3714530994E-01    6.5460745687E-02    1.4115939112E+00    1.0187104155E+00    1.2865369230E+01    1.5670001174E-02   -5.2270913834E-02    2.3531028655E-01    4.9555945817E+00
    7.0605146592E-01    2.9192974449E-02    1.4786551789E+00    1.0220994481E+00    1.2782704801E+01    1.2967594766E-02   -6.1809630253E-02    3.1228405381E-02    4.9949208136E+00
    6.7460005781E-01   -1.1807873192E-02    1.5435446258E+00    1.0211298912E+00    1.2805117216E+01   -8.4233127409E-04   -6.6897725404E-02   -6.6979023262E-02    5.0380156814E+00
    6.5152744183E-01   -6.0315671338E-02    1.6025424436E+00    1.0207899896E+00    1.2814665196E+01   -3.5301484127E-03   -6.5679493473E-02    6.9971168059E-02    5.0852133020E+00
    6.3942875814E-01   -1.2266653964E-01    1.6644961561E+00    1.0251037445E+00    1.2704911175E+01    1.3568358425E-02   -6.5157948062E-02    2.7230204839E-01    5.1362451750E+00
    6.3616433542E-01   -2.0257765549E-01    1.7364669038E+00    1.0321113166E+00    1.2527730528E+01    3.5603734019E-02   -7.4115551104E-02    2.7671095672E-01    5.1900363057E+00
    6.3987742373E-01   -2.9398595755E-01    1.8138830713E+00    1.0372363353E+00    1.2405111044E+01    4.5529819308E-02   -9.0742521671E-02    1.3687518299E-01    5.2454530702E+00
    6.5109543169E-01   -3.8798179759E-01    1.8906211358E+00    1.0402093349E+00    1.2337789372E+01    4.5051546180E-02   -1.0202637769E-01    1.3121356491E-01    5.3017952158E+00
    6.7322628780E-01   -4.8530176278E-01    1.9707720753E+00    1.0453953314E+00    1.2214047586E+01    5.1008663172E-02   -9.8741246860E-02    3.0920897003E-01    5.3585244854E+00
    7.0957223486E-01   -5.9325910388E-01    2.0608866774E+00    1.0545204144E+00    1.2001894834E+01    6.9405749746E-02   -8.8291379045E-02    4.0431684057E-01    5.4149088326E+00
    7.5910570325E-01   -7.1217160066E-01    2.1559112922E+00    1.0634717735E+00    1.1804289653E+01    8.6242798379E-02   -8.5236953894E-02    2.8310274774E-01    5.4701027105E+00
    8.1879480853E-01   -8.3493331951E-01    2.2439152178E+00    1.0685154985E+00    1.1694370840E+01    8.8931627053E-02   -9.2794684619E-02    1.3951945096E-01    5.5233409621E+00
    8.9026935576E-01   -9.5876643112E-01    2.3210658484E+00    1.0717610510E+00    1.1619902179E+01    8.2987361572E-02   -1.0091720634E-01    1.6916668882E-01    5.5739373187E+00
    9.7910327280E-01   -1.0867703891E+00    2.3902200180E+00    1.0774092296E+00    1.1498641387E+01    8.1573816872E-02   -1.0102722022E-01    2.8984899082E-01    5.6212628528E+00
    1.0859613199E+00   -1.2164928663E+00    2.4461142218E+00    1.0854588536E+00    1.1334251045E+01    8.7274735523E-02   -9.6118559496E-02    3.2744676979E-01    5.6647702403E+00
    1.2044836013E+00   -1.3371759465E+00    2.4751949773E+00    1.0931916187E+00    1.1175883793E+01    9.4844796631E-02   -9.3455595829E-02    2.9877905988E-01    5.7038894844E+00
    1.3291878663E+00   -1.4396824133E+00    2.4687311934E+00    1.1003027658E+00    1.1028530101E+01    1.0299522249E-01   -9.2923735916E-02    3.0910952381E-01    5.7378869562E+00
    1.4582334918E+00   -1.5194493481E+00    2.4239491573E+00    1.1081999849E+00    1.0871930855E+01    1.1435755551E-01   -8.8113985215E-02    3.3488519313E-01    5.7659754611E+00
    1.5878650111E+00   -1.5706906513E+00    2.3369003830E+00    1.1161667578E+00    1.0719536346E+01    1.2919793183E-01   -7.6811326061E-02    2.9284046347E-01    5.7875615101E+00
    1.7130698758E+00   -1.5887608479E+00    2.2074185571E+00    1.1222363182E+00    1.0600845243E+01    1.4529342201E-01   -6.4918643175E-02    2.1250024262E-01    5.8022541101E+00
    1.8341980933E+00   -1.5769170686E+00    2.0467028895E+00    1.1266838557E+00    1.0511627327E+01    1.6026767120E-01   -5.8482916730E-02    1.8277207734E-01    5.8096559731E+00
    1.9537402414E+00   -1.5410808994E+00    1.8696012683E+00    1.1312870869E+00    1.0426144383E+01    1.7101014566E-01   -5.6079186921E-02    1.9113182948E-01    5.8093219979E+00
    2.0664834005E+00   -1.4803693472E+00    1.6838593226E+00    1.1358493835E+00    1.0346192657E+01    1.7494371762E-01   -5.2565989414E-02    1.4909713894E-01    5.8010109163E+00
    2.1624958377E+00   -1.3909946546E+00    1.4931982563E+00    1.1384311950E+00    1.0299873895E+01    1.7389635316E-01   -4.7172387071E-02    5.1293194735E-02    5.7849049647E+00
    2.2401956782E+00   -1.2759640173E+00    1.3047859353E+00    1.1387366688E+00    1.0294202602E+01    1.7346398549E-01   -4.2464974286E-02   -1.5255790839E-02    5.7615097739E+00
    2.3055578885E+00   -1.1427367540E+00    1.1276750343E+00    1.1384239664E+00    1.0304371344E+01    1.7582125207E-01   -3.7579303583E-02   -2.0376095568E-02    5.7313991776E+00
    2.3579710741E+00   -9.9483867412E-01    9.6824453628E-01    1.1381450986E+00    1.0314192272E+01    1.7681916639E-01   -2.8983950113E-02   -2.8417155212E-02    5.6951504837E+00
    2.3877370516E+00   -8.3251148053E-01    8.3071819822E-01    1.1368264694E+00    1.0336243640E+01    1.7254521518E-01   -1.7746731061E-02   -7.8305663839E-02    5.6534954127E+00
    2.3887065410E+00   -6.5841220240E-01    7.1894272967E-01    1.1338951030E+00    1.0384289341E+01    1.6499750171E-01   -1.0605982062E-02   -1.3426609675E-01    5.6073891048E+00
    2.3635890809E+00   -4.7694211212E-01    6.3556648122E-01    1.1299041975E+00    1.0455693803E+01    1.5846457769E-01   -1.0777361903E-02   -1.8106797266E-01    5.5578469154E+00
    2.3148649426E+00   -2.9030084544E-01    5.8179454431E-01    1.1244715814E+00    1.0557111665E+01    1.5205122317E-01   -1.0545169387E-02   -2.7420580305E-01    5.5057740217E+00
    2.2420550874E+00   -1.0095566679E-01    5.5918223700E-01    1.1159578035E+00    1.0717708122E+01    1.3930590291E-01    2.5788944330E-03   -4.1755397617E-01    5.4520994739E+00
    2.1530572783E+00    8.3336490932E-02    5.6926826670E-01    1.1047639247E+00    1.0936971859E+01    1.1709724624E-01    3.1035394790E-02   -4.6943179495E-01    5.3981689769E+00
    2.0656744045E+00    2.5207176493E-01    6.1022646046E-01    1.0948876043E+00    1.1139836860E+01    9.3422838719E-02    6.0833040514E-02   -3.2386174507E-01    5.3458999359E+00
    1.9889582315E+00    3.9873667207E-01    6.7587482714E-01    1.0895257861E+00    1.1251117805E+01    8.0824163281E-02    7.3845717416E-02   -1.3698034403E-01    5.2972831734E+00
    1.9107376842E+00    5.2255029357E-01    7.5928544228E-01    1.0860347688E+00    1.1319214382E+01    7.8184541211E-02    6.9064486727E-02   -1.8370643161E-01    5.2535854566E+00
    1.8119050276E+00    6.2503624372E-01    8.5614551204E-01    1.0781054525E+00    1.1484405648E+01    6.6400009111E-02    6.4585567442E-02   -4.7486646812E-01    5.2152178112E+00
    1.6921699206E+00    7.0781386676E-01    9.6322444119E-01    1.0633102837E+00    1.1808893135E+01    3.0347220034E-02    7.4652585968E-02   -6.9920672136E-01    5.1824863767E+00
    1.5750315730E+00    7.7410199195E-01    1.0749489936E+00    1.0466432085E+00    1.2188587548E+01   -1.7410599175E-02    9.3840254099E-02   -6.0748159489E-01    5.1562905295E+00
    1.4830333831E+00    8.2708907428E-01    1.1826568807E+00    1.0351056263E+00    1.2460947033E+01   -4.6525639355E-02    1.0521300887E-01   -3.2551344131E-01    5.1379760280E+00
    1.4140124340E+00    8.6453076746E-01    1.2767180866E+00    1.0293171122E+00    1.2602272636E+01   -4.8442085392E-02    9.9248532048E-02   -1.9705783063E-01    5.1285192041E+00
    1.3472336439E+00    8.7980204449E-01    1.3499933422E+00    1.0228715459E+00    1.2759792383E+01   -4.7589903197E-02    8.1398746148E-02   -3.6061640504E-01    5.1280132545E+00
    1.2721107025E+00    8.7325985732E-01    1.4021954261E+00    1.0112738429E+00    1.3052889753E+01   -6.3744097904E-02    6.1330679135E-02   -5.5045816607E-01    5.1359485568E+00
    1.2027745399E+00    8.5989322049E-01    1.4427276620E+00    9.9868203317E-01    1.3388303990E+01   -8.6209024443E-02    4.4283222439E-02   -4.2330673677E-01    5.1516101780E+00
    1.1593924427E+00    8.5827922798E-01    1.4840617033E+00    9.9270167668E-01    1.3551054821E+01   -9.1281968431E-02    3.0769646986E-02   -6.3823376138E-02    5.1741306977E+00
    1.1427247335E+00    8.7210979519E-01    1.5281004868E+00    9.9352744664E-01    1.3524376009E+01   -7.5520097040E-02    1.8146950568E-02    7.5760166371E-02    5.2025802597E+00
    1.1351356480E+00    8.8995648649E-01    1.5654745831E+00    9.9321991828E-01    1.3532214271E+01   -6.2128259494E-02    3.6444700865E-03   -1.3460470835E-01    5.2362180033E+00
    1.1244035684E+00    9.0553404521E-01    1.5946787827E+00    9.8717981297E-01    1.3699862039E+01   -6.7168379680E-02   -1.1407839693E-02   -3.2132003629E-01    5.2744408784E+00
    1.1163751780E+00    9.2856947472E-01    1.6320365457E+00    9.8037580506E-01    1.3891092813E+01   -7.7594905309E-02   -2.3140727877E-02   -1.7961159323E-01    5.3164925846E+00
    1.1228991386E+00    9.7250673449E-01    1.6958963722E+00    9.7978773387E-01    1.3910279752E+01   -7.1840560210E-02   -2.9569780286E-02    1.1327570239E-01    5.3614179261E+00
    1.1418558086E+00    1.0355299885E+00    1.7852824596E+00    9.8370361762E-01    1.3800569133E+01   -5.5031914901E-02   -3.2093163636E-02    1.3711101556E-01    5.4084288109E+00
    1.1567935922E+00    1.0997037272E+00    1.8809428284E+00    9.8384861170E-01    1.3792609840E+01   -5.2666171310E-02   -3.4903999340E-02   -1.3080414936E-01    5.4572485407E+00
    1.1609016112E+00    1.1547500457E+00    1.9724986585E+00    9.7870387547E-01    1.3935523932E+01   -6.7942322119E-02   -4.2154780398E-02   -2.0632011972E-01    5.5077098718E+00
    1.1694401731E+00    1.2144950705E+00    2.0772058594E+00    9.7755538501E-01    1.3968642477E+01   -7.1530299358E-02   -5.2892543500E-02    1.6404772218E-01    5.5589529005E+00
    1.1945021004E+00    1.2930731800E+00    2.2127359655E+00    9.8616929033E-01    1.3724299656E+01   -4.5929432298E-02   -6.2501879940E-02    4.6748687935E-01    5.6096353013E+00
    1.2199339793E+00    1.3735246893E+00    2.3578935949E+00    9.9566193704E-01    1.3463185863E+01   -1.7252543329E-02   -7.1824065764E-02    2.2286856299E-01    5.6591268686E+00
    1.2246741642E+00    1.4307058061E+00    2.4801371396E+00    9.9591799429E-01    1.3458186302E+01   -1.5074031123E-02   -8.4537569735E-02   -1.6722046288E-01    5.7074219947E+00
    1.2177710315E+00    1.4755754525E+00    2.5947958449E+00    9.9192747328E-01    1.3567114493E+01   -3.0247397257E-02   -9.5517572101E-02   -5.7694955320E-02    5.7538000010E+00
    1.2245818882E+00    1.5407355892E+00    2.7475478466E+00    9.9603650813E-01    1.3455006381E+01   -2.9809683583E-02   -9.6773894210E-02    3.8488310211E-01    5.7967386789E+00
    1.2431430198E+00    1.6215617238E+00    2.9310089806E+00    1.0077670538E+00    1.3147946573E+01   -7.9059914917E-03   -9.4949966380E-02    4.6652094755E-01    5.8355046293E+00
    1.2464133560E+00    1.6780713644E+00    3.0865230547E+00    1.0161893247E+00    1.2936210004E+01    1.1611816582E-02   -1.0206210817E-01    1.9281803927E-01    5.8704826375E+00
    1.2245249373E+00    1.6968740559E+00    3.1985217905E+00    1.0192412991E+00    1.2859111932E+01    1.7784659860E-02   -1.1458597363E-01    1.2600265315E-01    5.9016043207E+00
    1.1916337466E+00    1.7013632667E+00    3.3095675068E+00    1.0250731810E+00    1.2713667787E+01    2.3999503213E-02   -1.1923748401E-01    3.6765949437E-01    5.9279007875E+00
    1.1536237066E+00    1.6989219205E+00    3.4309817950E+00    1.0360408300E+00    1.2448176125E+01    4.1942908737E-02   -1.1615102428E-01    4.5884320197E-01    5.9488034844E+00
    1.0990659367E+00    1.6661398398E+00    3.5176119289E+00    1.0448537388E+00    1.2235652184E+01    6.5101629321E-02   -1.1913243228E-01    2.4031782392E-01    5.9647048876E+00
    1.0230534414E+00    1.5923775079E+00    3.5502780975E+00    1.0478823121E+00    1.2157809384E+01    8.1254825882E-02   -1.3096264563E-01    7.1114579800E-02    5.9758551845E+00
    9.3552457472E-01    1.4956410498E+00    3.5690390144E+00    1.0504819450E+00    1.2096006892E+01    8.5004584418E-02   -1.3691713730E-01    1.8210257860E-01    5.9817438307E+00
    8.4617646504E-01    1.3910213255E+00    3.6057141091E+00    1.0571890277E+00    1.1944033510E+01    8.0008241733E-02   -1.2847215466E-01    3.3455130269E-01    5.9819731734E+00
    7.5678579847E-01    1.2731422907E+00    3.6379069122E+00    1.0647973902E+00    1.1770439181E+01    7.3540047864E-02   -1.1730887683E-01    2.5967179903E-01    5.9770860696E+00
    6.6837848224E-01    1.1347193231E+00    3.6326799924E+00    1.0686603952E+00    1.1683830168E+01    6.9530160260E-02   -1.1402327842E-01    6.5479461214E-02    5.9680175113E+00
    5.8491649320E-01    9.7914326974E-01    3.5905736398E+00    1.0691597450E+00    1.1679169140E+01    6.4376807733E-02   -1.1305958195E-01   -1.9793088159E-02    5.9552495665E+00
    5.1055371748E-01    8.1244300092E-01    3.5289033455E+00    1.0692512832E+00    1.1682228943E+01    5.2497295357E-02   -1.0654124481E-01    1.9304352277E-02    5.9388984754E+00
    4.4893541524E-01    6.3804839475E-01    3.4534668917E+00    1.0700427966E+00    1.1662905544E+01    3.6093169711E-02   -9.6576748189E-02    4.1505085477E-02    5.9192471707E+00
    4.0365743502E-01    4.5992122066E-01    3.3582580697E+00    1.0704169616E+00    1.1653943121E+01    2.1493242886E-02   -8.7989150894E-02   -1.8562889573E-02    5.8968293019E+00
    3.7714217359E-01    2.8265993220E-01    3.2373167223E+00    1.0689954480E+00    1.1687904094E+01    8.1616086414E-03   -8.0124662271E-02   -1.0646280077E-01    5.8721711545E+00
    3.7072086860E-01    1.0805784661E-01    3.0901902573E+00    1.0656609293E+00    1.1759612897E+01   -8.6810463070E-03   -7.1830019275E-02   -1.4566411373E-01    5.8457564472E+00
    3.8670179998E-01   -6.4501694262E-02    2.9251056441E+00    1.0624016401E+00    1.1826240253E+01   -2.4220145157E-02   -6.6391397372E-02   -7.8138270130E-02    5.8181473678E+00
    4.2860393594E-01   -2.3455405341E-01    2.7577994499E+00    1.0623950819E+00    1.1825833775E+01   -2.4403813600E-02   -6.6120711300E-02    8.7039348306E-02    5.7899798358E+00
    4.9822303086E-01   -3.9829584412E-01    2.5976713224E+00    1.0664262537E+00    1.1740033811E+01   -6.7301667094E-03   -6.8099712271E-02    2.0235479752E-01    5.7619289753E+00
    5.9318870038E-01   -5.4782566130E-01    2.4357797553E+00    1.0707402629E+00    1.1645902414E+01    9.8736918867E-03   -6.8282717686E-02    1.1300900056E-01    5.7346955785E+00
    7.0898318925E-01   -6.7445231713E-01    2.2569300529E+00    1.0709738081E+00    1.1639797310E+01    7.7644650313E-03   -6.5292153007E-02   -8.3675234307E-02    5.7088776218E+00
    8.4486646349E-01   -7.7701227543E-01    2.0629374168E+00    1.0681168244E+00    1.1702947427E+01   -4.1002978560E-03   -5.9268130165E-02   -1.0637381279E-01    5.6848765775E+00
    1.0065698467E+00   -8.6431420037E-01    1.8731482748E+00    1.0677615225E+00    1.1709832526E+01   -8.1288176990E-04   -4.9054349360E-02    1.0008571618E-01    5.6631276330E+00
    1.1978286353E+00   -9.4364049924E-01    1.7018615270E+00    1.0722885637E+00    1.1609017997E+01    2.3182022741E-02   -3.5036966093E-02    2.3596494666E-01    5.6444614174E+00
    1.4082598931E+00   -1.0093851049E+00    1.5455910720E+00    1.0767769198E+00    1.1513710191E+01    4.5012655838E-02   -2.2942571887E-02    7.8471872731E-02    5.6300187581E+00
    1.6185124076E+00   -1.0501753545E+00    1.3947708925E+00    1.0753041310E+00    1.1548211705E+01    4.4957785873E-02   -1.7734613344E-02   -2.0375170397E-01    5.6207027045E+00
    1.8197411173E+00   -1.0635686494E+00    1.2477405290E+00    1.0682180158E+00    1.1702510692E+01    3.0657817749E-02   -1.4087572765E-02   -3.3946545325E-01    5.6168098868E+00
    2.0174017809E+00   -1.0561465899E+00    1.1090709364E+00    1.0600326624E+00    1.1883096336E+01    2.1180998728E-02   -8.8699452674E-05   -3.0739986892E-01    5.6182359094E+00
    2.2160125533E+00   -1.0350803763E+00    9.8343089893E-01    1.0533338061E+00    1.2033532679E+01    2.0535505814E-02    2.4840798850E-02   -2.3806582607E-01    5.6249578050E+00
    2.4121137501E+00   -1.0059379565E+00    8.7419918023E-01    1.0480280116E+00    1.2153653964E+01    2.0043605069E-02    4.5344271200E-02   -1.9058157658E-01    5.6371645655E+00
    2.6002973852E+00   -9.7237437403E-01    7.8181297240E-01    1.0435791813E+00    1.2257477170E+01    1.5856922775E-02    5.2238271646E-02   -1.8089094702E-01    5.6549657089E+00
    2.7722604729E+00   -9.3288131609E-01    7.0242206978E-01    1.0385601039E+00    1.2379143824E+01    9.1606327066E-03    5.6303198885E-02   -2.5410663620E-01    5.6782020904E+00
    2.9160502668E+00   -8.8403164054E-01    6.3198099387E-01    1.0309797262E+00    1.2562672027E+01   -1.8343374026E-03    6.9019004171E-02   -3.5901848146E-01    5.7064840852E+00
    3.0333295423E+00   -8.2962568149E-01    5.7068178023E-01    1.0219277887E+00    1.2783277413E+01   -1.6338398874E-02    8.4514076479E-02   -3.3713568502E-01    5.7391239329E+00
    3.1437897204E+00   -7.7861104796E-01    5.2029893780E-01    1.0153783888E+00    1.2947329172E+01   -2.6293479624E-02    9.0623260191E-02   -1.8817169147E-01    5.7751036972E+00
    3.2519235480E+00   -7.3194743446E-01    4.7899691904E-01    1.0116277124E+00    1.3044248861E+01   -2.9607982685E-02    8.6473131522E-02   -1.6356897822E-01    5.8134725563E+00
    3.3308555742E+00   -6.8068716478E-01    4.4206817748E-01    1.0052947895E+00    1.3208701050E+01   -3.7300611431E-02    8.0702004852E-02   -3.7350490029E-01    5.8536925663E+00
    3.3706034542E+00   -6.2112123818E-01    4.0714847631E-01    9.9399371557E-01    1.3511882669E+01   -5.5398040018E-02    7.8881981342E-02   -4.9673170173E-01    5.8950942769E+00
    3.4189177529E+00   -5.6287489869E-01    3.7578656691E-01    9.8457220599E-01    1.3775344032E+01   -7.0879697626E-02    7.8255916332E-02   -2.1953688417E-01    5.9360931303E+00
    3.5260557312E+00   -5.1480787641E-01    3.4945212904E-01    9.8417063126E-01    1.3787406885E+01   -6.9175941750E-02    7.2643210067E-02    1.4069989528E-01    5.9748286222E+00
    3.6553255569E+00   -4.6946422024E-01    3.2648032107E-01    9.8715337014E-01    1.3702363076E+01   -6.1257132738E-02    6.1792267895E-02    1.1123448764E-02    6.0108463150E+00
    3.7191126236E+00   -4.1343054378E-01    3.0475248857E-01    9.8180310418E-01    1.3851762464E+01   -6.9093324251E-02    5.0110901816E-02   -4.3977540332E-01    6.0447852696E+00
    3.7143174175E+00   -3.4739363979E-01    2.8497705196E-01    9.6912504415E-01    1.4216498277E+01   -9.0698535343E-02    3.8065665020E-02   -4.7862866498E-01    6.0760624579E+00
    3.7373578433E+00   -2.8160572081E-01    2.6903511242E-01    9.6310276830E-01    1.4392182783E+01   -9.9919977792E-02    2.6120489265E-02    3.7283836275E-02    6.1023031951E+00
    3.8285011577E+00   -2.1672576115E-01    2.5700606900E-01    9.6869593331E-01    1.4224533261E+01   -8.7181315346E-02    1.9480439407E-02    3.1486521221E-01    6.1219877457E+00
    3.8995321845E+00   -1.4629990337E-01    2.4800263483E-01    9.7316018430E-01    1.4094673965E+01   -7.8215664197E-02    1.8584125080E-02   -1.9776468402E-02    6.1360650260E+00
    3.8885135122E+00   -7.2170148176E-02    2.4212346133E-01    9.6830686689E-01    1.4234362592E+01   -8.8482540581E-02    1.3883701216E-02   -2.8896846426E-01    6.1453918297E+00
    3.8637932349E+00    0.0000000000E+00    2.4006054170E-01    9.6378088733E-01    1.4366357396E+01   -9.7917309821E-02    0.0000000000E+00    0.0000000000E+00    6.1488475354E+00
    3.8885135122E+00    7.2170148176E-02    2.4212346133E-01    9.6830686689E-01    1.4234362592E+01   -8.8482540581E-02   -1.3883701216E-02    2.8896846426E-01    6.1453918297E+00
    3.8995321845E+00    1.4629990337E-01    2.4800263483E-01    9.7316018430E-01    1.4094673965E+01   -7.8215664197E-02   -1.8584125080E-02    1.9776468402E-02    6.1360650260E+00
    3.8285011577E+00    2.1672576115E-01    2.5700606900E-01    9.6869593331E-01    1.4224533261E+01   -8.7181315346E-02   -1.9480439407E-02   -3.1486521221E-01    6.1219877457E+00
    3.7373578433E+00    2.8160572081E-01    2.6903511242E-01    9.6310276830E-01    1.4392182783E+01   -9.9919977792E-02   -2.6120489265E-02   -3.7283836275E-02    6.1023031951E+00
    3.7143174175E+00    3.4739363979E-01    2.8497705196E-01    9.6912504415E-01    1.4216498277E+01   -9.0698535343E-02   -3.8065665020E-02    4.7862866498E-01    6.0760624579E+00
    3.7191126236E+00    4.1343054378E-01    3.0475248857E-01    9.8180310418E-01    1.3851762464E+01   -6.9093324251E-02   -5.0110901816E-02    4.3977540332E-01    6.0447852696E+00
    3.6553255569E+00    4.6946422024E-01    3.2648032107E-01    9.8715337014E-01    1.3702363076E+01   -6.1257132738E-02   -6.1792267895E-02   -1.1123448764E-02    6.0108463150E+00
    3.5260557312E+00    5.1480787641E-01    3.4945212904E-01    9.8417063126E-01    1.3787406885E+01   -6.9175941750E-02   -7.2643210067E-02   -1.4069989528E-01    5.9748286222E+00
    3.4189177529E+00    5.6287489869E-01    3.7578656691E-01    9.8457220599E-01    1.3775344032E+01   -7.0879697626E-02   -7.8255916332E-02    2.1953688417E-01    5.9360931303E+00
    3.3706034542E+00    6.2112123818E-01    4.0714847631E-01    9.9399371557E-01    1.3511882669E+01   -5.5398040018E-02   -7.8881981342E-02    4.9673170173E-01    5.8950942769E+00
    3.3308555742E+00    6.8068716478E-01    4.4206817748E-01    1.0052947895E+00    1.3208701050E+01   -3.7300611431E-02   -8.0702004852E-02    3.7350490029E-01    5.8536925663E+00
    3.2519235480E+00    7.3194743446E-01    4.7899691904E-01    1.0116277124E+00    1.3044248861E+01   -2.9607982685E-02   -8.6473131522E-02    1.6356897822E-01    5.8134725563E+00
    3.1437897204E+00    7.7861104796E-01    5.2029893780E-01    1.0153783888E+00    1.2947329172E+01   -2.6293479624E-02   -9.0623260191E-02    1.8817169147E-01    5.7751036972E+00
    3.0333295423E+00    8.2962568149E-01    5.7068178023E-01    1.0219277887E+00    1.2783277413E+01   -1.6338398874E-02   -8.4514076479E-02    3.3713568502E-01    5.7391239329E+00
    2.9160502668E+00    8.8403164054E-01    6.3198099387E-01    1.0309797262E+00    1.2562672027E+01   -1.8343374026E-03   -6.9019004171E-02    3.5901848146E-01    5.7064840852E+00
    2.7722604729E+00    9.3288131609E-01    7.0242206978E-01    1.0385601039E+00    1.2379143824E+01    9.1606327066E-03   -5.6303198885E-02    2.5410663620E-01    5.6782020904E+00
    2.6002973852E+00    9.7237437403E-01    7.8181297240E-01    1.0435791813E+00    1.2257477170E+01    1.5856922775E-02   -5.2238271646E-02    1.8089094702E-01    5.6549657089E+00
    2.4121137501E+00    1.0059379565E+00    8.7419918023E-01    1.0480280116E+00    1.2153653964E+01    2.0043605069E-02   -4.5344271200E-02    1.9058157658E-01    5.6371645655E+00
    2.2160125533E+00    1.0350803763E+00    9.8343089893E-01    1.0533338061E+00    1.2033532679E+01    2.0535505814E-02   -2.4840798850E-02    2.3806582607E-01    5.6249578050E+00
    2.0174017809E+00    1.0561465899E+00    1.1090709364E+00    1.0600326624E+00    1.1883096336E+01    2.1180998728E-02    8.8699452674E-05    3.0739986892E-01    5.6182359094E+00
    1.8197411173E+00    1.0635686494E+00    1.2477405290E+00    1.0682180158E+00    1.1702510692E+01    3.0657817749E-02    1.4087572765E-02    3.3946545325E-01    5.6168098868E+00
    1.6185124076E+00    1.0501753545E+00    1.3947708925E+00    1.0753041310E+00    1.1548211705E+01    4.4957785873E-02    1.7734613344E-02    2.0375170397E-01    5.6207027045E+00
    1.4082598931E+00    1.0093851049E+00    1.5455910720E+00    1.0767769198E+00    1.1513710191E+01    4.5012655838E-02    2.2942571887E-02   -7.8471872731E-02    5.6300187581E+00
    1.1978286353E+00    9.4364049924E-01    1.7018615270E+00    1.0722885637E+00    1.1609017997E+01    2.3182022741E-02    3.5036966093E-02   -2.3596494666E-01    5.6444614174E+00
    1.0065698467E+00    8.6431420037E-01    1.8731482748E+00    1.0677615225E+00    1.1709832526E+01   -8.1288176990E-04    4.9054349360E-02   -1.0008571618E-01    5.6631276330E+00
    8.4486646349E-01    7.7701227543E-01    2.0629374168E+00    1.0681168244E+00    1.1702947427E+01   -4.1002978560E-03    5.9268130165E-02    1.0637381279E-01    5.6848765775E+00
    7.0898318925E-01    6.7445231713E-01    2.2569300529E+00    1.0709738081E+00    1.1639797310E+01    7.7644650313E-03    6.5292153007E-02    8.3675234307E-02    5.7088776218E+00
    5.9318870038E-01    5.4782566130E-01    2.4357797553E+00    1.0707402629E+00    1.1645902414E+01    9.8736918867E-03    6.8282717686E-02   -1.1300900056E-01    5.7346955785E+00
    4.9822303086E-01    3.9829584412E-01    2.5976713224E+00    1.0664262537E+00    1.1740033811E+01   -6.7301667094E-03    6.8099712271E-02   -2.0235479752E-01    5.7619289753E+00
    4.2860393594E-01    2.3455405341E-01    2.7577994499E+00    1.0623950819E+00    1.1825833775E+01   -2.4403813600E-02    6.6120711300E-02   -8.7039348306E-02    5.7899798358E+00
    3.8670179998E-01    6.4501694262E-02    2.9251056441E+00    1.0624016401E+00    1.1826240253E+01   -2.4220145157E-02    6.6391397372E-02    7.8138270130E-02    5.8181473678E+00
    3.7072086860E-01   -1.0805784661E-01    3.0901902573E+00    1.0656609293E+00    1.1759612897E+01   -8.6810463070E-03    7.1830019275E-02    1.4566411373E-01    5.8457564472E+00
    3.7714217359E-01   -2.8265993220E-01    3.2373167223E+00    1.0689954480E+00    1.1687904094E+01    8.1616086414E-03    8.0124662271E-02    1.0646280077E-01    5.8721711545E+00
    4.0365743502E-01   -4.5992122066E-01    3.3582580697E+00    1.0704169616E+00    1.1653943121E+01    2.1493242886E-02    8.7989150894E-02    1.8562889573E-02    5.8968293019E+00
    4.4893541524E-01   -6.3804839475E-01    3.4534668917E+00    1.0700427966E+00    1.1662905544E+01    3.6093169711E-02    9.6576748189E-02   -4.1505085477E-02    5.9192471707E+00
    5.1055371748E-01   -8.1244300092E-01    3.5289033455E+00    1.0692512832E+00    1.1682228943E+01    5.2497295357E-02    1.0654124481E-01   -1.9304352277E-02    5.9388984754E+00
    5.8491649320E-01   -9.7914326974E-01    3.5905736398E+00    1.0691597450E+00    1.1679169140E+01    6.4376807733E-02    1.1305958195E-01    1.9793088159E-02    5.9552495665E+00
    6.6837848224E-01   -1.1347193231E+00    3.6326799924E+00    1.0686603952E+00    1.1683830168E+01    6.9530160260E-02    1.1402327842E-01   -6.5479461214E-02    5.9680175113E+00
    7.5678579847E-01   -1.2731422907E+00    3.6379069122E+00    1.0647973902E+00    1.1770439181E+01    7.3540047864E-02    1.1730887683E-01   -2.5967179903E-01    5.9770860696E+00
    8.4617646504E-01   -1.3910213255E+00    3.6057141091E+00    1.0571890277E+00    1.1944033510E+01    8.0008241733E-02    1.2847215466E-01   -3.3455130269E-01    5.9819731734E+00
    9.3552457472E-01   -1.4956410498E+00    3.5690390144E+00    1.0504819450E+00    1.2096006892E+01    8.5004584418E-02    1.3691713730E-01   -1.8210257860E-01    5.9817438307E+00
    1.0230534414E+00   -1.5923775079E+00    3.5502780975E+00    1.0478823121E+00    1.2157809384E+01    8.1254825882E-02    1.3096264563E-01   -7.1114579800E-02    5.9758551845E+00
    1.0990659367E+00   -1.6661398398E+00    3.5176119289E+00    1.0448537388E+00    1.2235652184E+01    6.5101629321E-02    1.1913243228E-01   -2.4031782392E-01    5.9647048876E+00
    1.1536237066E+00   -1.6989219205E+00    3.4309817950E+00    1.0360408300E+00    1.2448176125E+01    4.1942908737E-02    1.1615102428E-01   -4.5884320197E-01    5.9488034844E+00
    1.1916337466E+00   -1.7013632667E+00    3.3095675068E+00    1.0250731810E+00    1.2713667787E+01    2.3999503213E-02    1.1923748401E-01   -3.6765949437E-01    5.9279007875E+00
    1.2245249373E+00   -1.6968740559E+00    3.1985217905E+00    1.0192412991E+00    1.2859111932E+01    1.7784659860E-02    1.1458597363E-01   -1.2600265315E-01    5.9016043207E+00
    1.2464133560E+00   -1.6780713644E+00    3.0865230547E+00    1.0161893247E+00    1.2936210004E+01    1.1611816582E-02    1.0206210817E-01   -1.9281803927E-01    5.8704826375E+00
    1.2431430198E+00   -1.6215617238E+00    2.9310089806E+00    1.0077670538E+00    1.3147946573E+01   -7.9059914917E-03    9.4949966380E-02   -4.6652094755E-01    5.8355046293E+00
    1.2245818882E+00   -1.5407355892E+00    2.7475478466E+00    9.9603650813E-01    1.3455006381E+01   -2.9809683583E-02    9.6773894210E-02   -3.8488310211E-01    5.7967386789E+00
    1.2177710315E+00   -1.4755754525E+00    2.5947958449E+00    9.9192747328E-01    1.3567114493E+01   -3.0247397257E-02    9.5517572101E-02    5.7694955320E-02    5.7538000010E+00
    1.2246741642E+00   -1.4307058061E+00    2.4801371396E+00    9.9591799429E-01    1.3458186302E+01   -1.5074031123E-02    8.4537569735E-02    1.6722046288E-01    5.7074219947E+00
    1.2199339793E+00   -1.3735246893E+00    2.3578935949E+00    9.9566193704E-01    1.3463185863E+01   -1.7252543329E-02    7.1824065764E-02   -2.2286856299E-01    5.6591268686E+00
    1.1945021004E+00   -1.2930731800E+00    2.2127359655E+00    9.8616929033E-01    1.3724299656E+01   -4.5929432298E-02    6.2501879940E-02   -4.6748687935E-01    5.6096353013E+00
    1.1694401731E+00   -1.2144950705E+00    2.0772058594E+00    9.7755538501E-01    1.3968642477E+01   -7.1530299358E-02    5.2892543500E-02   -1.6404772218E-01    5.5589529005E+00
    1.1609016112E+00   -1.1547500457E+00    1.9724986585E+00    9.7870387547E-01    1.3935523932E+01   -6.7942322119E-02    4.2154780398E-02    2.0632011972E-01    5.5077098718E+00
    1.1567935922E+00   -1.0997037272E+00    1.8809428284E+00    9.8384861170E-01    1.3792609840E+01   -5.2666171310E-02    3.4903999340E-02    1.3080414936E-01    5.4572485407E+00
    1.1418558086E+00   -1.0355299885E+00    1.7852824596E+00    9.8370361762E-01    1.3800569133E+01   -5.5031914901E-02    3.2093163636E-02   -1.3711101556E-01    5.4084288109E+00
    1.1228991386E+00   -9.7250673449E-01    1.6958963722E+00    9.7978773387E-01    1.3910279752E+01   -7.1840560210E-02    2.9569780286E-02   -1.1327570239E-01    5.3614179261E+00
    1.1163751780E+00   -9.2856947472E-01    1.6320365457E+00    9.8037580506E-01    1.3891092813E+01   -7.7594905309E-02    2.3140727877E-02    1.7961159323E-01    5.3164925846E+00
    1.1244035684E+00   -9.0553404521E-01    1.5946787827E+00    9.8717981297E-01    1.3699862039E+01   -6.7168379680E-02    1.1407839693E-02    3.2132003629E-01    5.2744408784E+00
    1.1351356480E+00   -8.8995648649E-01    1.5654745831E+00    9.9321991828E-01    1.3532214271E+01   -6.2128259494E-02   -3.6444700865E-03    1.3460470835E-01    5.2362180033E+00
    1.1427247335E+00   -8.7210979519E-01    1.5281004868E+00    9.9352744664E-01    1.3524376009E+01   -7.5520097040E-02   -1.8146950568E-02   -7.5760166371E-02    5.2025802597E+00
    1.1593924427E+00   -8.5827922798E-01    1.4840617033E+00    9.9270167668E-01    1.3551054821E+01   -9.1281968431E-02   -3.0769646986E-02    6.3823376138E-02    5.1741306977E+00
    1.2027745399E+00   -8.5989322049E-01    1.4427276620E+00    9.9868203317E-01    1.3388303990E+01   -8.6209024443E-02   -4.4283222439E-02    4.2330673677E-01    5.1516101780E+00
    1.2721107025E+00   -8.7325985732E-01    1.4021954261E+00    1.0112738429E+00    1.3052889753E+01   -6.3744097904E-02   -6.1330679135E-02    5.5045816607E-01    5.1359485568E+00
    1.3472336439E+00   -8.7980204449E-01    1.3499933422E+00    1.0228715459E+00    1.2759792383E+01   -4.7589903197E-02   -8.1398746148E-02    3.6061640504E-01    5.1280132545E+00
    1.4140124340E+00   -8.6453076746E-01    1.2767180866E+00    1.0293171122E+00    1.2602272636E+01   -4.8442085392E-02   -9.9248532048E-02    1.9705783063E-01    5.1285192041E+00
    1.4830333831E+00   -8.2708907428E-01    1.1826568807E+00    1.0351056263E+00    1.2460947033E+01   -4.6525639355E-02   -1.0521300887E-01    3.2551344131E-01    5.1379760280E+00
    1.5750315730E+00   -7.7410199195E-01    1.0749489936E+00    1.0466432085E+00    1.2188587548E+01   -1.7410599175E-02   -9.3840254099E-02    6.0748159489E-01    5.1562905295E+00
    1.6921699206E+00   -7.0781386676E-01    9.6322444119E-01    1.0633102837E+00    1.1808893135E+01    3.0347220034E-02   -7.4652585968E-02    6.9920672136E-01    5.1824863767E+00
    1.8119050276E+00   -6.2503624372E-01    8.5614551204E-01    1.0781054525E+00    1.1484405648E+01    6.6400009111E-02   -6.4585567442E-02    4.7486646812E-01    5.2152178112E+00
    1.9107376842E+00   -5.2255029357E-01    7.5928544228E-01    1.0860347688E+00    1.1319214382E+01    7.8184541211E-02   -6.9064486727E-02    1.8370643161E-01    5.2535854566E+00
    1.9889582315E+00   -3.9873667207E-01    6.7587482714E-01    1.0895257861E+00    1.1251117805E+01    8.0824163281E-02   -7.3845717416E-02    1.3698034403E-01    5.2972831734E+00
    2.0656744045E+00   -2.5207176493E-01    6.1022646046E-01    1.0948876043E+00    1.1139836860E+01    9.3422838719E-02   -6.0833040514E-02    3.2386174507E-01    5.3458999359E+00
    2.1530572783E+00   -8.3336490932E-02    5.6926826670E-01    1.1047639247E+00    1.0936971859E+01    1.1709724624E-01   -3.1035394790E-02    4.6943179495E-01    5.3981689769E+00
    2.2420550874E+00    1.0095566679E-01    5.5918223700E-01    1.1159578035E+00    1.0717708122E+01    1.3930590291E-01   -2.5788944330E-03    4.1755397617E-01    5.4520994739E+00
    2.3148649426E+00    2.9030084544E-01    5.8179454431E-01    1.1244715814E+00    1.0557111665E+01    1.5205122317E-01    1.0545169387E-02    2.7420580305E-01    5.5057740217E+00
    2.3635890809E+00    4.7694211212E-01    6.3556648122E-01    1.1299041975E+00    1.0455693803E+01    1.5846457769E-01    1.0777361903E-02    1.8106797266E-01    5.5578469154E+00
    2.3887065410E+00    6.5841220240E-01    7.1894272967E-01    1.1338951030E+00    1.0384289341E+01    1.6499750171E-01    1.0605982062E-02    1.3426609675E-01    5.6073891048E+00
    2.3877370516E+00    8.3251148053E-01    8.3071819822E-01    1.1368264694E+00    1.0336243640E+01    1.7254521518E-01    1.7746731061E-02    7.8305663839E-02    5.6534954127E+00
    2.3579710741E+00    9.9483867412E-01    9.6824453628E-01    1.1381450986E+00    1.0314192272E+01    1.7681916639E-01    2.8983950113E-02    2.8417155212E-02    5.6951504837E+00
    2.3055578885E+00    1.1427367540E+00    1.1276750343E+00    1.1384239664E+00    1.0304371344E+01    1.7582125207E-01    3.7579303583E-02    2.0376095568E-02    5.7313991776E+00
    2.2401956782E+00    1.2759640173E+00    1.3047859353E+00    1.1387366688E+00    1.0294202602E+01    1.7346398549E-01    4.2464974286E-02    1.5255790839E-02    5.7615097739E+00
    2.1624958377E+00    1.3909946546E+00    1.4931982563E+00    1.1384311950E+00    1.0299873895E+01    1.7389635316E-01    4.7172387071E-02   -5.1293194735E-02    5.7849049647E+00
    2.0664834005E+00    1.4803693472E+00    1.6838593226E+00    1.1358493835E+00    1.0346192657E+01    1.7494371762E-01    5.2565989414E-02   -1.4909713894E-01    5.8010109163E+00
    1.9537402414E+00    1.5410808994E+00    1.8696012683E+00    1.1312870869E+00    1.0426144383E+01    1.7101014566E-01    5.6079186921E-02   -1.9113182948E-01    5.8093219979E+00
    1.8341980933E+00    1.5769170686E+00    2.0467028895E+00    1.1266838557E+00    1.0511627327E+01    1.6026767120E-01    5.8482916730E-02   -1.8277207734E-01    5.8096559731E+00
    1.7130698758E+00    1.5887608479E+00    2.2074185571E+00    1.1222363182E+00    1.0600845243E+01    1.4529342201E-01    6.4918643175E-02   -2.1250024262E-01    5.8022541101E+00
    1.5878650111E+00    1.5706906513E+00    2.3369003830E+00    1.1161667578E+00    1.0719536346E+01    1.2919793183E-01    7.6811326061E-02   -2.9284046347E-01    5.7875615101E+00
    1.4582334918E+00    1.5194493481E+00    2.4239491573E+00    1.1081999849E+00    1.0871930855E+01    1.1435755551E-01    8.8113985215E-02   -3.3488519313E-01    5.7659754611E+00
    1.3291878663E+00    1.4396824133E+00    2.4687311934E+00    1.1003027658E+00    1.1028530101E+01    1.0299522249E-01    9.2923735916E-02   -3.0910952381E-01    5.7378869562E+00
    1.2044836013E+00    1.3371759465E+00    2.4751949773E+00    1.0931916187E+00    1.1175883793E+01    9.4844796631E-02    9.3455595829E-02   -2.9877905988E-01    5.7038894844E+00
    1.0859613199E+00    1.2164928663E+00    2.4461142218E+00    1.0854588536E+00    1.1334251045E+01    8.7274735523E-02    9.6118559496E-02   -3.2744676979E-01    5.6647702403E+00
    9.7910327280E-01    1.0867703891E+00    2.3902200180E+00    1.0774092296E+00    1.1498641387E+01    8.1573816872E-02    1.0102722022E-01   -2.8984899082E-01    5.6212628528E+00
    8.9026935576E-01    9.5876643112E-01    2.3210658484E+00    1.0717610510E+00    1.1619902179E+01    8.2987361572E-02    1.0091720634E-01   -1.6916668882E-01    5.5739373187E+00
    8.1879480853E-01    8.3493331951E-01    2.2439152178E+00    1.0685154985E+00    1.1694370840E+01    8.8931627053E-02    9.2794684619E-02   -1.3951945096E-01    5.5233409621E+00
    7.5910570325E-01    7.1217160066E-01    2.1559112922E+00    1.0634717735E+00    1.1804289653E+01    8.6242798379E-02    8.5236953894E-02   -2.8310274774E-01    5.4701027105E+00
    7.0957223486E-01    5.9325910388E-01    2.0608866774E+00    1.0545204144E+00    1.2001894834E+01    6.9405749746E-02    8.8291379045E-02   -4.0431684057E-01    5.4149088326E+00
    6.7322628780E-01    4.8530176278E-01    1.9707720753E+00    1.0453953314E+00    1.2214047586E+01    5.1008663172E-02    9.8741246860E-02   -3.0920897003E-01    5.3585244854E+00
    6.5109543169E-01    3.8798179759E-01    1.8906211358E+00    1.0402093349E+00    1.2337789372E+01    4.5051546180E-02    1.0202637769E-01   -1.3121356491E-01    5.3017952158E+00
    6.3987742373E-01    2.9398595755E-01    1.8138830713E+00    1.0372363353E+00    1.2405111044E+01    4.5529819308E-02    9.0742521671E-02   -1.3687518299E-01    5.2454530702E+00
    6.3616433542E-01    2.0257765549E-01    1.7364669038E+00    1.0321113166E+00    1.2527730528E+01    3.5603734019E-02    7.4115551104E-02   -2.7671095672E-01    5.1900363057E+00
    6.3942875814E-01    1.2266653964E-01    1.6644961561E+00    1.0251037445E+00    1.2704911175E+01    1.3568358425E-02    6.5157948062E-02   -2.7230204839E-01    5.1362451750E+00
    6.5152744183E-01    6.0315671338E-02    1.6025424436E+00    1.0207899896E+00    1.2814665196E+01   -3.5301484127E-03    6.5679493473E-02   -6.9971168059E-02    5.0852133020E+00
    6.7460005781E-01    1.1807873192E-02    1.5435446258E+00    1.0211298912E+00    1.2805117216E+01   -8.4233127409E-04    6.6897725404E-02    6.6979023262E-02    5.0380156814E+00
    7.0605146592E-01   -2.9192974449E-02    1.4786551789E+00    1.0220994481E+00    1.2782704801E+01    1.2967594766E-02    6.1809630253E-02   -3.1228405381E-02    4.9949208136E+00
    7.3714530994E-01   -6.5460745687E-02    1.4115939112E+00    1.0187104155E+00    1.2865369230E+01    1.5670001174E-02    5.2270913834E-02   -2.3531028655E-01    4.9555945817E+00
    7.6067189665E-01   -9.8005890838E-02    1.3550167833E+00    1.0112615658E+00    1.3051228193E+01   -1.3546695854E-03    4.3116740877E-02   -3.2202435175E-01    4.9200167886E+00
    7.7694096779E-01   -1.2675389717E-01    1.3178090290E+00    1.0046358684E+00    1.3227811565E+01   -2.4670468816E-02    3.5014738242E-02   -2.0201589410E-01    4.8889839154E+00
    7.8998299976E-01   -1.5166818203E-01    1.2982360524E+00    1.0020206200E+00    1.3300546931E+01   -3.8292611929E-02    2.7457834164E-02   -3.9834919765E-02    4.8637564421E+00
    8.0178945817E-01   -1.7549115947E-01    1.2865647587E+00    1.0011273799E+00    1.3319998899E+01   -4.4285521613E-02    2.1890064792E-02   -4.8842073199E-02    4.8452812997E+00
    8.1193719309E-01   -2.0253813872E-01    1.2778815430E+00    9.9901038684E-01    1.3375398249E+01   -5.2236807256E-02    1.5987093282E-02   -9.9734053180E-02    4.8340123221E+00
    8.2150656704E-01   -2.3838896638E-01    1.2803938534E+00    9.9824138061E-01    1.3399060523E+01   -5.7566709396E-02    4.5388843537E-03    6.6770340703E-02    4.8303524507E+00
    8.3359782021E-01   -2.8723138542E-01    1.3042276372E+00    1.0030999689E+00    1.3268651520E+01   -5.1542039997E-02   -1.1793115792E-02    3.1713758626E-01    4.8345681196E+00
    8.4715288615E-01   -3.4561124187E-01    1.3479154026E+00    1.0119079874E+00    1.3038463521E+01   -4.2550879577E-02   -3.0734042898E-02    3.5512271479E-01    4.8463130910E+00
    8.5870835534E-01   -4.0661786887E-01    1.3997073371E+00    1.0188837674E+00    1.2860775755E+01   -4.4072608987E-02   -4.9233806715E-02    1.9639171428E-01    4.8650142986E+00
    8.7216667093E-01   -4.6930964947E-01    1.4476472337E+00    1.0217210219E+00    1.2787051172E+01   -5.2415509396E-02   -5.6003725646E-02    6.9779703585E-02    4.8905712855E+00
    8.9842556968E-01   -5.4205751742E-01    1.4929126707E+00    1.0242121056E+00    1.2727695013E+01   -5.0241081088E-02   -4.7251692635E-02    1.6739679158E-01    4.9231422010E+00
    9.4707909915E-01   -6.3971090259E-01    1.5546345719E+00    1.0318366867E+00    1.2544917271E+01   -3.0283472939E-02   -4.0975980272E-02    4.4615818632E-01    4.9623116608E+00
    1.0211769623E+00   -7.7106835765E-01    1.6503467889E+00    1.0451755710E+00    1.2224236104E+01   -5.6122598986E-03   -5.3568485958E-02    6.0434701219E-01    5.0067626475E+00
    1.1144502629E+00   -9.2535367004E-01    1.7719360071E+00    1.0583785371E+00    1.1917086691E+01    5.2465210270E-03   -7.9761784776E-02    4.3416528405E-01    5.0549882874E+00
    1.2149089875E+00   -1.0778418498E+00    1.8883484077E+00    1.0649506513E+00    1.1770406719E+01   -6.2410975635E-03   -1.0375331258E-01    1.0692945909E-01    5.1062437378E+00
    1.3223696656E+00   -1.2167613993E+00    1.9770260010E+00    1.0656223620E+00    1.1755754390E+01   -2.4628053675E-02   -1.1378858253E-01    8.4880619532E-03    5.1607070570E+00
    1.4574266713E+00   -1.3587714001E+00    2.0480915616E+00    1.0679130155E+00    1.1703655215E+01   -2.1916303943E-02   -1.1022648740E-01    2.1603881023E-01    5.2186260565E+00
    1.6387868766E+00   -1.5250152820E+00    2.1245952716E+00    1.0760317742E+00    1.1529321918E+01    4.4241120897E-03   -1.0425382711E-01    4.0734740819E-01    5.2792858567E+00
    1.8600690531E+00   -1.7126973374E+00    2.2104226388E+00    1.0862493671E+00    1.1317878642E+01    3.0693142937E-02   -1.0451181265E-01    3.6952908228E-01    5.3410722065E+00
    2.0995193364E+00   -1.9017360976E+00    2.2912997207E+00    1.0935286342E+00    1.1168487918E+01    3.9741236556E-02   -1.0913947896E-01    2.2297645852E-01    5.4024141634E+00
