&parameters
!s0, alpha0 =    0.4900000   0.0000000
!major, minor radius[m]=    5.5275600   0.5135200
!Bref =    2.9783001
my_dpdx =   -0.0000381
q0 =    1.1282065
shat =   -0.1319892
gridpoints =    32
n_pol =   1
/
    2.3471026923E+00    2.0801049982E+00    2.3562602954E+00    1.0979009333E+00    1.1077512953E+01    3.8449297210E-02    1.1026365441E-01   -1.6710857412E-01    5.4623490888E+00
    1.0211769623E+00    7.7106835765E-01    1.6503467889E+00    1.0451755710E+00    1.2224236104E+01   -5.6122598986E-03    5.3568485958E-02   -6.0434701219E-01    5.0067626475E+00
    8.1193719309E-01    2.0253813872E-01    1.2778815430E+00    9.9901038684E-01    1.3375398249E+01   -5.2236807256E-02   -1.5987093282E-02    9.9734053180E-02    4.8340123221E+00
    6.5152744183E-01   -6.0315671338E-02    1.6025424436E+00    1.0207899896E+00    1.2814665196E+01   -3.5301484127E-03   -6.5679493473E-02    6.9971168059E-02    5.0852133020E+00
    8.1879480853E-01   -8.3493331951E-01    2.2439152178E+00    1.0685154985E+00    1.1694370840E+01    8.8931627053E-02   -9.2794684619E-02    1.3951945096E-01    5.5233409621E+00
    1.7130698758E+00   -1.5887608479E+00    2.2074185571E+00    1.1222363182E+00    1.0600845243E+01    1.4529342201E-01   -6.4918643175E-02    2.1250024262E-01    5.8022541101E+00
    2.3877370516E+00   -8.3251148053E-01    8.3071819822E-01    1.1368264694E+00    1.0336243640E+01    1.7254521518E-01   -1.7746731061E-02   -7.8305663839E-02    5.6534954127E+00
    1.9107376842E+00    5.2255029357E-01    7.5928544228E-01    1.0860347688E+00    1.1319214382E+01    7.8184541211E-02    6.9064486727E-02   -1.8370643161E-01    5.2535854566E+00
    1.2027745399E+00    8.5989322049E-01    1.4427276620E+00    9.9868203317E-01    1.3388303990E+01   -8.6209024443E-02    4.4283222439E-02   -4.2330673677E-01    5.1516101780E+00
    1.1567935922E+00    1.0997037272E+00    1.8809428284E+00    9.8384861170E-01    1.3792609840E+01   -5.2666171310E-02   -3.4903999340E-02   -1.3080414936E-01    5.4572485407E+00
    1.2431430198E+00    1.6215617238E+00    2.9310089806E+00    1.0077670538E+00    1.3147946573E+01   -7.9059914917E-03   -9.4949966380E-02    4.6652094755E-01    5.8355046293E+00
    8.4617646504E-01    1.3910213255E+00    3.6057141091E+00    1.0571890277E+00    1.1944033510E+01    8.0008241733E-02   -1.2847215466E-01    3.3455130269E-01    5.9819731734E+00
    3.7072086860E-01    1.0805784661E-01    3.0901902573E+00    1.0656609293E+00    1.1759612897E+01   -8.6810463070E-03   -7.1830019275E-02   -1.4566411373E-01    5.8457564472E+00
    1.1978286353E+00   -9.4364049924E-01    1.7018615270E+00    1.0722885637E+00    1.1609017997E+01    2.3182022741E-02   -3.5036966093E-02    2.3596494666E-01    5.6444614174E+00
    2.7722604729E+00   -9.3288131609E-01    7.0242206978E-01    1.0385601039E+00    1.2379143824E+01    9.1606327066E-03    5.6303198885E-02   -2.5410663620E-01    5.6782020904E+00
    3.5260557312E+00   -5.1480787641E-01    3.4945212904E-01    9.8417063126E-01    1.3787406885E+01   -6.9175941750E-02    7.2643210067E-02    1.4069989528E-01    5.9748286222E+00
    3.8637932349E+00    0.0000000000E+00    2.4006054170E-01    9.6378088733E-01    1.4366357396E+01   -9.7917309821E-02    0.0000000000E+00    0.0000000000E+00    6.1488475354E+00
    3.5260557312E+00    5.1480787641E-01    3.4945212904E-01    9.8417063126E-01    1.3787406885E+01   -6.9175941750E-02   -7.2643210067E-02   -1.4069989528E-01    5.9748286222E+00
    2.7722604729E+00    9.3288131609E-01    7.0242206978E-01    1.0385601039E+00    1.2379143824E+01    9.1606327066E-03   -5.6303198885E-02    2.5410663620E-01    5.6782020904E+00
    1.1978286353E+00    9.4364049924E-01    1.7018615270E+00    1.0722885637E+00    1.1609017997E+01    2.3182022741E-02    3.5036966093E-02   -2.3596494666E-01    5.6444614174E+00
    3.7072086860E-01   -1.0805784661E-01    3.0901902573E+00    1.0656609293E+00    1.1759612897E+01   -8.6810463070E-03    7.1830019275E-02    1.4566411373E-01    5.8457564472E+00
    8.4617646504E-01   -1.3910213255E+00    3.6057141091E+00    1.0571890277E+00    1.1944033510E+01    8.0008241733E-02    1.2847215466E-01   -3.3455130269E-01    5.9819731734E+00
    1.2431430198E+00   -1.6215617238E+00    2.9310089806E+00    1.0077670538E+00    1.3147946573E+01   -7.9059914917E-03    9.4949966380E-02   -4.6652094755E-01    5.8355046293E+00
    1.1567935922E+00   -1.0997037272E+00    1.8809428284E+00    9.8384861170E-01    1.3792609840E+01   -5.2666171310E-02    3.4903999340E-02    1.3080414936E-01    5.4572485407E+00
    1.2027745399E+00   -8.5989322049E-01    1.4427276620E+00    9.9868203317E-01    1.3388303990E+01   -8.6209024443E-02   -4.4283222439E-02    4.2330673677E-01    5.1516101780E+00
    1.9107376842E+00   -5.2255029357E-01    7.5928544228E-01    1.0860347688E+00    1.1319214382E+01    7.8184541211E-02   -6.9064486727E-02    1.8370643161E-01    5.2535854566E+00
    2.3877370516E+00    8.3251148053E-01    8.3071819822E-01    1.1368264694E+00    1.0336243640E+01    1.7254521518E-01    1.7746731061E-02    7.8305663839E-02    5.6534954127E+00
    1.7130698758E+00    1.5887608479E+00    2.2074185571E+00    1.1222363182E+00    1.0600845243E+01    1.4529342201E-01    6.4918643175E-02   -2.1250024262E-01    5.8022541101E+00
    8.1879480853E-01    8.3493331951E-01    2.2439152178E+00    1.0685154985E+00    1.1694370840E+01    8.8931627053E-02    9.2794684619E-02   -1.3951945096E-01    5.5233409621E+00
    6.5152744183E-01    6.0315671338E-02    1.6025424436E+00    1.0207899896E+00    1.2814665196E+01   -3.5301484127E-03    6.5679493473E-02   -6.9971168059E-02    5.0852133020E+00
    8.1193719309E-01   -2.0253813872E-01    1.2778815430E+00    9.9901038684E-01    1.3375398249E+01   -5.2236807256E-02    1.5987093282E-02   -9.9734053180E-02    4.8340123221E+00
    1.0211769623E+00   -7.7106835765E-01    1.6503467889E+00    1.0451755710E+00    1.2224236104E+01   -5.6122598986E-03   -5.3568485958E-02    6.0434701219E-01    5.0067626475E+00
