&parameters
!s0, alpha0 =    0.4900000   0.0000000
!major, minor radius[m]=    5.5275600   0.5135200
!Bref =    2.9783001
my_dpdx =   -0.0000381
q0 =    1.1282065
shat =   -0.1319892
gridpoints =   128
n_pol =   1
/
    2.3471026923E+00    2.0801049982E+00    2.3562602954E+00    1.0979009333E+00    1.1077512953E+01    3.8449297210E-02    1.1026365441E-01   -1.6710857412E-01    5.4623490888E+00
    1.8600690531E+00    1.7126973374E+00    2.2104226388E+00    1.0862493671E+00    1.1317878642E+01    3.0693142937E-02    1.0451181265E-01   -3.6952908228E-01    5.3410722065E+00
    1.4574266713E+00    1.3587714001E+00    2.0480915616E+00    1.0679130155E+00    1.1703655215E+01   -2.1916303943E-02    1.1022648740E-01   -2.1603881023E-01    5.2186260565E+00
    1.2149089875E+00    1.0778418498E+00    1.8883484077E+00    1.0649506513E+00    1.1770406719E+01   -6.2410975635E-03    1.0375331258E-01   -1.0692945909E-01    5.1062437378E+00
    1.0211769623E+00    7.7106835765E-01    1.6503467889E+00    1.0451755710E+00    1.2224236104E+01   -5.6122598986E-03    5.3568485958E-02   -6.0434701219E-01    5.0067626475E+00
    8.9842556968E-01    5.4205751742E-01    1.4929126707E+00    1.0242121056E+00    1.2727695013E+01   -5.0241081088E-02    4.7251692635E-02   -1.6739679158E-01    4.9231422010E+00
    8.5870835534E-01    4.0661786887E-01    1.3997073371E+00    1.0188837674E+00    1.2860775755E+01   -4.4072608987E-02    4.9233806715E-02   -1.9639171428E-01    4.8650142986E+00
    8.3359782021E-01    2.8723138542E-01    1.3042276372E+00    1.0030999689E+00    1.3268651520E+01   -5.1542039997E-02    1.1793115792E-02   -3.1713758626E-01    4.8345681196E+00
    8.1193719309E-01    2.0253813872E-01    1.2778815430E+00    9.9901038684E-01    1.3375398249E+01   -5.2236807256E-02   -1.5987093282E-02    9.9734053180E-02    4.8340123221E+00
    7.8998299976E-01    1.5166818203E-01    1.2982360524E+00    1.0020206200E+00    1.3300546931E+01   -3.8292611929E-02   -2.7457834164E-02    3.9834919765E-02    4.8637564421E+00
    7.6067189665E-01    9.8005890838E-02    1.3550167833E+00    1.0112615658E+00    1.3051228193E+01   -1.3546695854E-03   -4.3116740877E-02    3.2202435175E-01    4.9200167886E+00
    7.0605146592E-01    2.9192974449E-02    1.4786551789E+00    1.0220994481E+00    1.2782704801E+01    1.2967594766E-02   -6.1809630253E-02    3.1228405381E-02    4.9949208136E+00
    6.5152744183E-01   -6.0315671338E-02    1.6025424436E+00    1.0207899896E+00    1.2814665196E+01   -3.5301484127E-03   -6.5679493473E-02    6.9971168059E-02    5.0852133020E+00
    6.3616433542E-01   -2.0257765549E-01    1.7364669038E+00    1.0321113166E+00    1.2527730528E+01    3.5603734019E-02   -7.4115551104E-02    2.7671095672E-01    5.1900363057E+00
    6.5109543169E-01   -3.8798179759E-01    1.8906211358E+00    1.0402093349E+00    1.2337789372E+01    4.5051546180E-02   -1.0202637769E-01    1.3121356491E-01    5.3017952158E+00
    7.0957223486E-01   -5.9325910388E-01    2.0608866774E+00    1.0545204144E+00    1.2001894834E+01    6.9405749746E-02   -8.8291379045E-02    4.0431684057E-01    5.4149088326E+00
    8.1879480853E-01   -8.3493331951E-01    2.2439152178E+00    1.0685154985E+00    1.1694370840E+01    8.8931627053E-02   -9.2794684619E-02    1.3951945096E-01    5.5233409621E+00
    9.7910327280E-01   -1.0867703891E+00    2.3902200180E+00    1.0774092296E+00    1.1498641387E+01    8.1573816872E-02   -1.0102722022E-01    2.8984899082E-01    5.6212628528E+00
    1.2044836013E+00   -1.3371759465E+00    2.4751949773E+00    1.0931916187E+00    1.1175883793E+01    9.4844796631E-02   -9.3455595829E-02    2.9877905988E-01    5.7038894844E+00
    1.4582334918E+00   -1.5194493481E+00    2.4239491573E+00    1.1081999849E+00    1.0871930855E+01    1.1435755551E-01   -8.8113985215E-02    3.3488519313E-01    5.7659754611E+00
    1.7130698758E+00   -1.5887608479E+00    2.2074185571E+00    1.1222363182E+00    1.0600845243E+01    1.4529342201E-01   -6.4918643175E-02    2.1250024262E-01    5.8022541101E+00
    1.9537402414E+00   -1.5410808994E+00    1.8696012683E+00    1.1312870869E+00    1.0426144383E+01    1.7101014566E-01   -5.6079186921E-02    1.9113182948E-01    5.8093219979E+00
    2.1624958377E+00   -1.3909946546E+00    1.4931982563E+00    1.1384311950E+00    1.0299873895E+01    1.7389635316E-01   -4.7172387071E-02    5.1293194735E-02    5.7849049647E+00
    2.3055578885E+00   -1.1427367540E+00    1.1276750343E+00    1.1384239664E+00    1.0304371344E+01    1.7582125207E-01   -3.7579303583E-02   -2.0376095568E-02    5.7313991776E+00
    2.3877370516E+00   -8.3251148053E-01    8.3071819822E-01    1.1368264694E+00    1.0336243640E+01    1.7254521518E-01   -1.7746731061E-02   -7.8305663839E-02    5.6534954127E+00
    2.3635890809E+00   -4.7694211212E-01    6.3556648122E-01    1.1299041975E+00    1.0455693803E+01    1.5846457769E-01   -1.0777361903E-02   -1.8106797266E-01    5.5578469154E+00
    2.2420550874E+00   -1.0095566679E-01    5.5918223700E-01    1.1159578035E+00    1.0717708122E+01    1.3930590291E-01    2.5788944330E-03   -4.1755397617E-01    5.4520994739E+00
    2.0656744045E+00    2.5207176493E-01    6.1022646046E-01    1.0948876043E+00    1.1139836860E+01    9.3422838719E-02    6.0833040514E-02   -3.2386174507E-01    5.3458999359E+00
    1.9107376842E+00    5.2255029357E-01    7.5928544228E-01    1.0860347688E+00    1.1319214382E+01    7.8184541211E-02    6.9064486727E-02   -1.8370643161E-01    5.2535854566E+00
    1.6921699206E+00    7.0781386676E-01    9.6322444119E-01    1.0633102837E+00    1.1808893135E+01    3.0347220034E-02    7.4652585968E-02   -6.9920672136E-01    5.1824863767E+00
    1.4830333831E+00    8.2708907428E-01    1.1826568807E+00    1.0351056263E+00    1.2460947033E+01   -4.6525639355E-02    1.0521300887E-01   -3.2551344131E-01    5.1379760280E+00
    1.3472336439E+00    8.7980204449E-01    1.3499933422E+00    1.0228715459E+00    1.2759792383E+01   -4.7589903197E-02    8.1398746148E-02   -3.6061640504E-01    5.1280132545E+00
    1.2027745399E+00    8.5989322049E-01    1.4427276620E+00    9.9868203317E-01    1.3388303990E+01   -8.6209024443E-02    4.4283222439E-02   -4.2330673677E-01    5.1516101780E+00
    1.1427247335E+00    8.7210979519E-01    1.5281004868E+00    9.9352744664E-01    1.3524376009E+01   -7.5520097040E-02    1.8146950568E-02    7.5760166371E-02    5.2025802597E+00
    1.1244035684E+00    9.0553404521E-01    1.5946787827E+00    9.8717981297E-01    1.3699862039E+01   -6.7168379680E-02   -1.1407839693E-02   -3.2132003629E-01    5.2744408784E+00
    1.1228991386E+00    9.7250673449E-01    1.6958963722E+00    9.7978773387E-01    1.3910279752E+01   -7.1840560210E-02   -2.9569780286E-02    1.1327570239E-01    5.3614179261E+00
    1.1567935922E+00    1.0997037272E+00    1.8809428284E+00    9.8384861170E-01    1.3792609840E+01   -5.2666171310E-02   -3.4903999340E-02   -1.3080414936E-01    5.4572485407E+00
    1.1694401731E+00    1.2144950705E+00    2.0772058594E+00    9.7755538501E-01    1.3968642477E+01   -7.1530299358E-02   -5.2892543500E-02    1.6404772218E-01    5.5589529005E+00
    1.2199339793E+00    1.3735246893E+00    2.3578935949E+00    9.9566193704E-01    1.3463185863E+01   -1.7252543329E-02   -7.1824065764E-02    2.2286856299E-01    5.6591268686E+00
    1.2177710315E+00    1.4755754525E+00    2.5947958449E+00    9.9192747328E-01    1.3567114493E+01   -3.0247397257E-02   -9.5517572101E-02   -5.7694955320E-02    5.7538000010E+00
    1.2431430198E+00    1.6215617238E+00    2.9310089806E+00    1.0077670538E+00    1.3147946573E+01   -7.9059914917E-03   -9.4949966380E-02    4.6652094755E-01    5.8355046293E+00
    1.2245249373E+00    1.6968740559E+00    3.1985217905E+00    1.0192412991E+00    1.2859111932E+01    1.7784659860E-02   -1.1458597363E-01    1.2600265315E-01    5.9016043207E+00
    1.1536237066E+00    1.6989219205E+00    3.4309817950E+00    1.0360408300E+00    1.2448176125E+01    4.1942908737E-02   -1.1615102428E-01    4.5884320197E-01    5.9488034844E+00
    1.0230534414E+00    1.5923775079E+00    3.5502780975E+00    1.0478823121E+00    1.2157809384E+01    8.1254825882E-02   -1.3096264563E-01    7.1114579800E-02    5.9758551845E+00
    8.4617646504E-01    1.3910213255E+00    3.6057141091E+00    1.0571890277E+00    1.1944033510E+01    8.0008241733E-02   -1.2847215466E-01    3.3455130269E-01    5.9819731734E+00
    6.6837848224E-01    1.1347193231E+00    3.6326799924E+00    1.0686603952E+00    1.1683830168E+01    6.9530160260E-02   -1.1402327842E-01    6.5479461214E-02    5.9680175113E+00
    5.1055371748E-01    8.1244300092E-01    3.5289033455E+00    1.0692512832E+00    1.1682228943E+01    5.2497295357E-02   -1.0654124481E-01    1.9304352277E-02    5.9388984754E+00
    4.0365743502E-01    4.5992122066E-01    3.3582580697E+00    1.0704169616E+00    1.1653943121E+01    2.1493242886E-02   -8.7989150894E-02   -1.8562889573E-02    5.8968293019E+00
    3.7072086860E-01    1.0805784661E-01    3.0901902573E+00    1.0656609293E+00    1.1759612897E+01   -8.6810463070E-03   -7.1830019275E-02   -1.4566411373E-01    5.8457564472E+00
    4.2860393594E-01   -2.3455405341E-01    2.7577994499E+00    1.0623950819E+00    1.1825833775E+01   -2.4403813600E-02   -6.6120711300E-02    8.7039348306E-02    5.7899798358E+00
    5.9318870038E-01   -5.4782566130E-01    2.4357797553E+00    1.0707402629E+00    1.1645902414E+01    9.8736918867E-03   -6.8282717686E-02    1.1300900056E-01    5.7346955785E+00
    8.4486646349E-01   -7.7701227543E-01    2.0629374168E+00    1.0681168244E+00    1.1702947427E+01   -4.1002978560E-03   -5.9268130165E-02   -1.0637381279E-01    5.6848765775E+00
    1.1978286353E+00   -9.4364049924E-01    1.7018615270E+00    1.0722885637E+00    1.1609017997E+01    2.3182022741E-02   -3.5036966093E-02    2.3596494666E-01    5.6444614174E+00
    1.6185124076E+00   -1.0501753545E+00    1.3947708925E+00    1.0753041310E+00    1.1548211705E+01    4.4957785873E-02   -1.7734613344E-02   -2.0375170397E-01    5.6207027045E+00
    2.0174017809E+00   -1.0561465899E+00    1.1090709364E+00    1.0600326624E+00    1.1883096336E+01    2.1180998728E-02   -8.8699452674E-05   -3.0739986892E-01    5.6182359094E+00
    2.4121137501E+00   -1.0059379565E+00    8.7419918023E-01    1.0480280116E+00    1.2153653964E+01    2.0043605069E-02    4.5344271200E-02   -1.9058157658E-01    5.6371645655E+00
    2.7722604729E+00   -9.3288131609E-01    7.0242206978E-01    1.0385601039E+00    1.2379143824E+01    9.1606327066E-03    5.6303198885E-02   -2.5410663620E-01    5.6782020904E+00
    3.0333295423E+00   -8.2962568149E-01    5.7068178023E-01    1.0219277887E+00    1.2783277413E+01   -1.6338398874E-02    8.4514076479E-02   -3.3713568502E-01    5.7391239329E+00
    3.2519235480E+00   -7.3194743446E-01    4.7899691904E-01    1.0116277124E+00    1.3044248861E+01   -2.9607982685E-02    8.6473131522E-02   -1.6356897822E-01    5.8134725563E+00
    3.3706034542E+00   -6.2112123818E-01    4.0714847631E-01    9.9399371557E-01    1.3511882669E+01   -5.5398040018E-02    7.8881981342E-02   -4.9673170173E-01    5.8950942769E+00
    3.5260557312E+00   -5.1480787641E-01    3.4945212904E-01    9.8417063126E-01    1.3787406885E+01   -6.9175941750E-02    7.2643210067E-02    1.4069989528E-01    5.9748286222E+00
    3.7191126236E+00   -4.1343054378E-01    3.0475248857E-01    9.8180310418E-01    1.3851762464E+01   -6.9093324251E-02    5.0110901816E-02   -4.3977540332E-01    6.0447852696E+00
    3.7373578433E+00   -2.8160572081E-01    2.6903511242E-01    9.6310276830E-01    1.4392182783E+01   -9.9919977792E-02    2.6120489265E-02    3.7283836275E-02    6.1023031951E+00
    3.8995321845E+00   -1.4629990337E-01    2.4800263483E-01    9.7316018430E-01    1.4094673965E+01   -7.8215664197E-02    1.8584125080E-02   -1.9776468402E-02    6.1360650260E+00
    3.8637932349E+00    0.0000000000E+00    2.4006054170E-01    9.6378088733E-01    1.4366357396E+01   -9.7917309821E-02    0.0000000000E+00    0.0000000000E+00    6.1488475354E+00
    3.8995321845E+00    1.4629990337E-01    2.4800263483E-01    9.7316018430E-01    1.4094673965E+01   -7.8215664197E-02   -1.8584125080E-02    1.9776468402E-02    6.1360650260E+00
    3.7373578433E+00    2.8160572081E-01    2.6903511242E-01    9.6310276830E-01    1.4392182783E+01   -9.9919977792E-02   -2.6120489265E-02   -3.7283836275E-02    6.1023031951E+00
    3.7191126236E+00    4.1343054378E-01    3.0475248857E-01    9.8180310418E-01    1.3851762464E+01   -6.9093324251E-02   -5.0110901816E-02    4.3977540332E-01    6.0447852696E+00
    3.5260557312E+00    5.1480787641E-01    3.4945212904E-01    9.8417063126E-01    1.3787406885E+01   -6.9175941750E-02   -7.2643210067E-02   -1.4069989528E-01    5.9748286222E+00
    3.3706034542E+00    6.2112123818E-01    4.0714847631E-01    9.9399371557E-01    1.3511882669E+01   -5.5398040018E-02   -7.8881981342E-02    4.9673170173E-01    5.8950942769E+00
    3.2519235480E+00    7.3194743446E-01    4.7899691904E-01    1.0116277124E+00    1.3044248861E+01   -2.9607982685E-02   -8.6473131522E-02    1.6356897822E-01    5.8134725563E+00
    3.0333295423E+00    8.2962568149E-01    5.7068178023E-01    1.0219277887E+00    1.2783277413E+01   -1.6338398874E-02   -8.4514076479E-02    3.3713568502E-01    5.7391239329E+00
    2.7722604729E+00    9.3288131609E-01    7.0242206978E-01    1.0385601039E+00    1.2379143824E+01    9.1606327066E-03   -5.6303198885E-02    2.5410663620E-01    5.6782020904E+00
    2.4121137501E+00    1.0059379565E+00    8.7419918023E-01    1.0480280116E+00    1.2153653964E+01    2.0043605069E-02   -4.5344271200E-02    1.9058157658E-01    5.6371645655E+00
    2.0174017809E+00    1.0561465899E+00    1.1090709364E+00    1.0600326624E+00    1.1883096336E+01    2.1180998728E-02    8.8699452674E-05    3.0739986892E-01    5.6182359094E+00
    1.6185124076E+00    1.0501753545E+00    1.3947708925E+00    1.0753041310E+00    1.1548211705E+01    4.4957785873E-02    1.7734613344E-02    2.0375170397E-01    5.6207027045E+00
    1.1978286353E+00    9.4364049924E-01    1.7018615270E+00    1.0722885637E+00    1.1609017997E+01    2.3182022741E-02    3.5036966093E-02   -2.3596494666E-01    5.6444614174E+00
    8.4486646349E-01    7.7701227543E-01    2.0629374168E+00    1.0681168244E+00    1.1702947427E+01   -4.1002978560E-03    5.9268130165E-02    1.0637381279E-01    5.6848765775E+00
    5.9318870038E-01    5.4782566130E-01    2.4357797553E+00    1.0707402629E+00    1.1645902414E+01    9.8736918867E-03    6.8282717686E-02   -1.1300900056E-01    5.7346955785E+00
    4.2860393594E-01    2.3455405341E-01    2.7577994499E+00    1.0623950819E+00    1.1825833775E+01   -2.4403813600E-02    6.6120711300E-02   -8.7039348306E-02    5.7899798358E+00
    3.7072086860E-01   -1.0805784661E-01    3.0901902573E+00    1.0656609293E+00    1.1759612897E+01   -8.6810463070E-03    7.1830019275E-02    1.4566411373E-01    5.8457564472E+00
    4.0365743502E-01   -4.5992122066E-01    3.3582580697E+00    1.0704169616E+00    1.1653943121E+01    2.1493242886E-02    8.7989150894E-02    1.8562889573E-02    5.8968293019E+00
    5.1055371748E-01   -8.1244300092E-01    3.5289033455E+00    1.0692512832E+00    1.1682228943E+01    5.2497295357E-02    1.0654124481E-01   -1.9304352277E-02    5.9388984754E+00
    6.6837848224E-01   -1.1347193231E+00    3.6326799924E+00    1.0686603952E+00    1.1683830168E+01    6.9530160260E-02    1.1402327842E-01   -6.5479461214E-02    5.9680175113E+00
    8.4617646504E-01   -1.3910213255E+00    3.6057141091E+00    1.0571890277E+00    1.1944033510E+01    8.0008241733E-02    1.2847215466E-01   -3.3455130269E-01    5.9819731734E+00
    1.0230534414E+00   -1.5923775079E+00    3.5502780975E+00    1.0478823121E+00    1.2157809384E+01    8.1254825882E-02    1.3096264563E-01   -7.1114579800E-02    5.9758551845E+00
    1.1536237066E+00   -1.6989219205E+00    3.4309817950E+00    1.0360408300E+00    1.2448176125E+01    4.1942908737E-02    1.1615102428E-01   -4.5884320197E-01    5.9488034844E+00
    1.2245249373E+00   -1.6968740559E+00    3.1985217905E+00    1.0192412991E+00    1.2859111932E+01    1.7784659860E-02    1.1458597363E-01   -1.2600265315E-01    5.9016043207E+00
    1.2431430198E+00   -1.6215617238E+00    2.9310089806E+00    1.0077670538E+00    1.3147946573E+01   -7.9059914917E-03    9.4949966380E-02   -4.6652094755E-01    5.8355046293E+00
    1.2177710315E+00   -1.4755754525E+00    2.5947958449E+00    9.9192747328E-01    1.3567114493E+01   -3.0247397257E-02    9.5517572101E-02    5.7694955320E-02    5.7538000010E+00
    1.2199339793E+00   -1.3735246893E+00    2.3578935949E+00    9.9566193704E-01    1.3463185863E+01   -1.7252543329E-02    7.1824065764E-02   -2.2286856299E-01    5.6591268686E+00
    1.1694401731E+00   -1.2144950705E+00    2.0772058594E+00    9.7755538501E-01    1.3968642477E+01   -7.1530299358E-02    5.2892543500E-02   -1.6404772218E-01    5.5589529005E+00
    1.1567935922E+00   -1.0997037272E+00    1.8809428284E+00    9.8384861170E-01    1.3792609840E+01   -5.2666171310E-02    3.4903999340E-02    1.3080414936E-01    5.4572485407E+00
    1.1228991386E+00   -9.7250673449E-01    1.6958963722E+00    9.7978773387E-01    1.3910279752E+01   -7.1840560210E-02    2.9569780286E-02   -1.1327570239E-01    5.3614179261E+00
    1.1244035684E+00   -9.0553404521E-01    1.5946787827E+00    9.8717981297E-01    1.3699862039E+01   -6.7168379680E-02    1.1407839693E-02    3.2132003629E-01    5.2744408784E+00
    1.1427247335E+00   -8.7210979519E-01    1.5281004868E+00    9.9352744664E-01    1.3524376009E+01   -7.5520097040E-02   -1.8146950568E-02   -7.5760166371E-02    5.2025802597E+00
    1.2027745399E+00   -8.5989322049E-01    1.4427276620E+00    9.9868203317E-01    1.3388303990E+01   -8.6209024443E-02   -4.4283222439E-02    4.2330673677E-01    5.1516101780E+00
    1.3472336439E+00   -8.7980204449E-01    1.3499933422E+00    1.0228715459E+00    1.2759792383E+01   -4.7589903197E-02   -8.1398746148E-02    3.6061640504E-01    5.1280132545E+00
    1.4830333831E+00   -8.2708907428E-01    1.1826568807E+00    1.0351056263E+00    1.2460947033E+01   -4.6525639355E-02   -1.0521300887E-01    3.2551344131E-01    5.1379760280E+00
    1.6921699206E+00   -7.0781386676E-01    9.6322444119E-01    1.0633102837E+00    1.1808893135E+01    3.0347220034E-02   -7.4652585968E-02    6.9920672136E-01    5.1824863767E+00
    1.9107376842E+00   -5.2255029357E-01    7.5928544228E-01    1.0860347688E+00    1.1319214382E+01    7.8184541211E-02   -6.9064486727E-02    1.8370643161E-01    5.2535854566E+00
    2.0656744045E+00   -2.5207176493E-01    6.1022646046E-01    1.0948876043E+00    1.1139836860E+01    9.3422838719E-02   -6.0833040514E-02    3.2386174507E-01    5.3458999359E+00
    2.2420550874E+00    1.0095566679E-01    5.5918223700E-01    1.1159578035E+00    1.0717708122E+01    1.3930590291E-01   -2.5788944330E-03    4.1755397617E-01    5.4520994739E+00
    2.3635890809E+00    4.7694211212E-01    6.3556648122E-01    1.1299041975E+00    1.0455693803E+01    1.5846457769E-01    1.0777361903E-02    1.8106797266E-01    5.5578469154E+00
    2.3877370516E+00    8.3251148053E-01    8.3071819822E-01    1.1368264694E+00    1.0336243640E+01    1.7254521518E-01    1.7746731061E-02    7.8305663839E-02    5.6534954127E+00
    2.3055578885E+00    1.1427367540E+00    1.1276750343E+00    1.1384239664E+00    1.0304371344E+01    1.7582125207E-01    3.7579303583E-02    2.0376095568E-02    5.7313991776E+00
    2.1624958377E+00    1.3909946546E+00    1.4931982563E+00    1.1384311950E+00    1.0299873895E+01    1.7389635316E-01    4.7172387071E-02   -5.1293194735E-02    5.7849049647E+00
    1.9537402414E+00    1.5410808994E+00    1.8696012683E+00    1.1312870869E+00    1.0426144383E+01    1.7101014566E-01    5.6079186921E-02   -1.9113182948E-01    5.8093219979E+00
    1.7130698758E+00    1.5887608479E+00    2.2074185571E+00    1.1222363182E+00    1.0600845243E+01    1.4529342201E-01    6.4918643175E-02   -2.1250024262E-01    5.8022541101E+00
    1.4582334918E+00    1.5194493481E+00    2.4239491573E+00    1.1081999849E+00    1.0871930855E+01    1.1435755551E-01    8.8113985215E-02   -3.3488519313E-01    5.7659754611E+00
    1.2044836013E+00    1.3371759465E+00    2.4751949773E+00    1.0931916187E+00    1.1175883793E+01    9.4844796631E-02    9.3455595829E-02   -2.9877905988E-01    5.7038894844E+00
    9.7910327280E-01    1.0867703891E+00    2.3902200180E+00    1.0774092296E+00    1.1498641387E+01    8.1573816872E-02    1.0102722022E-01   -2.8984899082E-01    5.6212628528E+00
    8.1879480853E-01    8.3493331951E-01    2.2439152178E+00    1.0685154985E+00    1.1694370840E+01    8.8931627053E-02    9.2794684619E-02   -1.3951945096E-01    5.5233409621E+00
    7.0957223486E-01    5.9325910388E-01    2.0608866774E+00    1.0545204144E+00    1.2001894834E+01    6.9405749746E-02    8.8291379045E-02   -4.0431684057E-01    5.4149088326E+00
    6.5109543169E-01    3.8798179759E-01    1.8906211358E+00    1.0402093349E+00    1.2337789372E+01    4.5051546180E-02    1.0202637769E-01   -1.3121356491E-01    5.3017952158E+00
    6.3616433542E-01    2.0257765549E-01    1.7364669038E+00    1.0321113166E+00    1.2527730528E+01    3.5603734019E-02    7.4115551104E-02   -2.7671095672E-01    5.1900363057E+00
    6.5152744183E-01    6.0315671338E-02    1.6025424436E+00    1.0207899896E+00    1.2814665196E+01   -3.5301484127E-03    6.5679493473E-02   -6.9971168059E-02    5.0852133020E+00
    7.0605146592E-01   -2.9192974449E-02    1.4786551789E+00    1.0220994481E+00    1.2782704801E+01    1.2967594766E-02    6.1809630253E-02   -3.1228405381E-02    4.9949208136E+00
    7.6067189665E-01   -9.8005890838E-02    1.3550167833E+00    1.0112615658E+00    1.3051228193E+01   -1.3546695854E-03    4.3116740877E-02   -3.2202435175E-01    4.9200167886E+00
    7.8998299976E-01   -1.5166818203E-01    1.2982360524E+00    1.0020206200E+00    1.3300546931E+01   -3.8292611929E-02    2.7457834164E-02   -3.9834919765E-02    4.8637564421E+00
    8.1193719309E-01   -2.0253813872E-01    1.2778815430E+00    9.9901038684E-01    1.3375398249E+01   -5.2236807256E-02    1.5987093282E-02   -9.9734053180E-02    4.8340123221E+00
    8.3359782021E-01   -2.8723138542E-01    1.3042276372E+00    1.0030999689E+00    1.3268651520E+01   -5.1542039997E-02   -1.1793115792E-02    3.1713758626E-01    4.8345681196E+00
    8.5870835534E-01   -4.0661786887E-01    1.3997073371E+00    1.0188837674E+00    1.2860775755E+01   -4.4072608987E-02   -4.9233806715E-02    1.9639171428E-01    4.8650142986E+00
    8.9842556968E-01   -5.4205751742E-01    1.4929126707E+00    1.0242121056E+00    1.2727695013E+01   -5.0241081088E-02   -4.7251692635E-02    1.6739679158E-01    4.9231422010E+00
    1.0211769623E+00   -7.7106835765E-01    1.6503467889E+00    1.0451755710E+00    1.2224236104E+01   -5.6122598986E-03   -5.3568485958E-02    6.0434701219E-01    5.0067626475E+00
    1.2149089875E+00   -1.0778418498E+00    1.8883484077E+00    1.0649506513E+00    1.1770406719E+01   -6.2410975635E-03   -1.0375331258E-01    1.0692945909E-01    5.1062437378E+00
    1.4574266713E+00   -1.3587714001E+00    2.0480915616E+00    1.0679130155E+00    1.1703655215E+01   -2.1916303943E-02   -1.1022648740E-01    2.1603881023E-01    5.2186260565E+00
    1.8600690531E+00   -1.7126973374E+00    2.2104226388E+00    1.0862493671E+00    1.1317878642E+01    3.0693142937E-02   -1.0451181265E-01    3.6952908228E-01    5.3410722065E+00
