&parameters
!s0, alpha0 =    0.4900000   0.0000000
!major, minor radius[m]=    5.5275600   0.5135200
!Bref =    2.9783001
my_dpdx =   -0.0000381
q0 =    1.1282065
shat =   -0.1319892
gridpoints =   512
n_pol =   1
/
    2.3471026923E+00    2.0801049982E+00    2.3562602954E+00    1.0979009333E+00    1.1077512953E+01    3.8449297210E-02    1.1026365441E-01   -1.6710857412E-01    5.4623490888E+00
    2.2220342521E+00    1.9922739437E+00    2.3259306323E+00    1.0958820297E+00    1.1119444267E+01    3.9236814473E-02    1.1057305533E-01   -1.7748269296E-01    5.4325967254E+00
    2.0995193364E+00    1.9017360976E+00    2.2912997207E+00    1.0935286342E+00    1.1168487918E+01    3.9741236556E-02    1.0913947896E-01   -2.2297645852E-01    5.4024141634E+00
    1.9786798407E+00    1.8082282885E+00    2.2524611937E+00    1.0903915819E+00    1.1233117676E+01    3.7478528502E-02    1.0675019537E-01   -2.9490213026E-01    5.3718736179E+00
    1.8600690531E+00    1.7126973374E+00    2.2104226388E+00    1.0862493671E+00    1.1317878642E+01    3.0693142937E-02    1.0451181265E-01   -3.6952908228E-01    5.3410722065E+00
    1.7457656000E+00    1.6173326090E+00    2.1670573195E+00    1.0812720452E+00    1.1420156263E+01    1.9153448704E-02    1.0347382724E-01   -4.1575396815E-01    5.3101482907E+00
    1.6387868766E+00    1.5250152820E+00    2.1245952716E+00    1.0760317742E+00    1.1529321918E+01    4.4241120897E-03    1.0425382711E-01   -4.0734740819E-01    5.2792858567E+00
    1.5420708272E+00    1.4383699076E+00    2.0847931142E+00    1.0713338082E+00    1.1629174134E+01   -1.0469928930E-02    1.0678245532E-01   -3.3534696143E-01    5.2487032220E+00
    1.4574266713E+00    1.3587714001E+00    2.0480915616E+00    1.0679130155E+00    1.1703655215E+01   -2.1916303943E-02    1.1022648740E-01   -2.1603881023E-01    5.2186260565E+00
    1.3848350029E+00    1.2856988247E+00    2.0131411732E+00    1.0661027016E+00    1.1744270054E+01   -2.6968995806E-02    1.1312741388E-01   -8.9928115408E-02    5.1892502718E+00
    1.3223696656E+00    1.2167613993E+00    1.9770260010E+00    1.0656223620E+00    1.1755754390E+01   -2.4628053675E-02    1.1378858253E-01   -8.4880619532E-03    5.1607070570E+00
    1.2668335051E+00    1.1485179880E+00    1.9362773464E+00    1.0656142055E+00    1.1756168777E+01   -1.6497145320E-02    1.1084323344E-01   -1.1554132760E-02    5.1330456510E+00
    1.2149089875E+00    1.0778418498E+00    1.8883484077E+00    1.0649506513E+00    1.1770406719E+01   -6.2410975635E-03    1.0375331258E-01   -1.0692945909E-01    5.1062437378E+00
    1.1643202423E+00    1.0032204884E+00    1.8328551552E+00    1.0626781936E+00    1.1820405504E+01    1.9968424369E-03    9.2971104579E-02   -2.6540025606E-01    5.0802420106E+00
    1.1144502629E+00    9.2535367004E-01    1.7719360071E+00    1.0583785371E+00    1.1917086691E+01    5.2465210270E-03    7.9761784776E-02   -4.3416528405E-01    5.0549882874E+00
    1.0661800320E+00    8.4681651809E-01    1.7095831244E+00    1.0522896870E+00    1.2057065764E+01    2.4823147285E-03    6.5926796891E-02   -5.5922035254E-01    5.0304753054E+00
    1.0211769623E+00    7.7106835765E-01    1.6503467889E+00    1.0451755710E+00    1.2224236104E+01   -5.6122598986E-03    5.3568485958E-02   -6.0434701219E-01    5.0067626475E+00
    9.8109898849E-01    7.0132509712E-01    1.5980065633E+00    1.0380441560E+00    1.2394892990E+01   -1.7298776964E-02    4.4763938477E-02   -5.6053593635E-01    4.9839799023E+00
    9.4707909915E-01    6.3971090259E-01    1.5546345719E+00    1.0318366867E+00    1.2544917271E+01   -3.0283472939E-02    4.0975980272E-02   -4.4615818632E-01    4.9623116608E+00
    9.1957281770E-01    5.8687229119E-01    1.5202244072E+00    1.0271746607E+00    1.2657321402E+01   -4.2030040740E-02    4.2333464156E-02   -2.9986423657E-01    4.9419672483E+00
    8.9842556968E-01    5.4205751742E-01    1.4929126707E+00    1.0242121056E+00    1.2727695013E+01   -5.0241081088E-02    4.7251692635E-02   -1.6739679158E-01    4.9231422010E+00
    8.8298170596E-01    5.0355643391E-01    1.4697284301E+00    1.0226216526E+00    1.2764979115E+01   -5.3612957804E-02    5.2831351149E-02   -8.5435674684E-02    4.9059835136E+00
    8.7216667093E-01    4.6930964947E-01    1.4476472337E+00    1.0217210219E+00    1.2787051172E+01   -5.2415509396E-02    5.6003725646E-02   -6.9779703585E-02    4.8905712855E+00
    8.6458499410E-01    4.3745037265E-01    1.4245502767E+00    1.0207017993E+00    1.2813735843E+01   -4.8401448963E-02    5.4838065185E-02   -1.1400630448E-01    4.8769226393E+00
    8.5870835534E-01    4.0661786887E-01    1.3997073371E+00    1.0188837674E+00    1.2860775755E+01   -4.4072608987E-02    4.9233806715E-02   -1.9639171428E-01    4.8650142986E+00
    8.5318004979E-01    3.7605508580E-01    1.3736869611E+00    1.0159204077E+00    1.2936203530E+01   -4.1710719024E-02    4.0586560278E-02   -2.8749120182E-01    4.8548144364E+00
    8.4715288615E-01    3.4561124187E-01    1.3479154026E+00    1.0119079874E+00    1.3038463521E+01   -4.2550879577E-02    3.0734042898E-02   -3.5512271479E-01    4.8463130910E+00
    8.4047890294E-01    3.1571136493E-01    1.3241813811E+00    1.0073694879E+00    1.3155885180E+01   -4.6354203963E-02    2.0976817879E-02   -3.7026351571E-01    4.8395409092E+00
    8.3359782021E-01    2.8723138542E-01    1.3042276372E+00    1.0030999689E+00    1.3268651520E+01   -5.1542039997E-02    1.1793115792E-02   -3.1713758626E-01    4.8345681196E+00
    8.2714592312E-01    2.6120115229E-01    1.2894107454E+00    9.9989469240E-01    1.3354743366E+01   -5.5890868238E-02    3.2323926346E-03   -2.0420184123E-01    4.8314820318E+00
    8.2150656704E-01    2.3838896638E-01    1.2803938534E+00    9.9824138061E-01    1.3399060523E+01   -5.7566709396E-02   -4.5388843537E-03   -6.6770340703E-02    4.8303524507E+00
    8.1658578348E-01    2.1897728250E-01    1.2769295649E+00    9.9811586663E-01    1.3401114218E+01   -5.6031378496E-02   -1.1076590218E-02    4.6564270076E-02    4.8312040351E+00
    8.1193719309E-01    2.0253813872E-01    1.2778815430E+00    9.9901038684E-01    1.3375398249E+01   -5.2236807256E-02   -1.5987093282E-02    9.9734053180E-02    4.8340123221E+00
    8.0708785882E-01    1.8830298311E-01    1.2815993687E+00    1.0002035803E+00    1.3343035287E+01   -4.7890837596E-02   -1.9368410853E-02    9.0097477214E-02    4.8387235720E+00
    8.0178945817E-01    1.7549115947E-01    1.2865647587E+00    1.0011273799E+00    1.3319998899E+01   -4.4285521613E-02   -2.1890064792E-02    4.8842073199E-02    4.8452812997E+00
    7.9604741959E-01    1.6346165710E-01    1.2920170647E+00    1.0016317788E+00    1.3309228472E+01   -4.1480492478E-02   -2.4406293699E-02    2.1143116027E-02    4.8536397493E+00
    7.8998299976E-01    1.5166818203E-01    1.2982360524E+00    1.0020206200E+00    1.3300546931E+01   -3.8292611929E-02   -2.7457834164E-02    3.9834919765E-02    4.8637564421E+00
    7.8365740857E-01    1.3958561592E-01    1.3063496255E+00    1.0028553345E+00    1.3277632132E+01   -3.3046638735E-02   -3.1082882120E-02    1.0840186340E-01    4.8755707472E+00
    7.7694096779E-01    1.2675389717E-01    1.3178090290E+00    1.0046358684E+00    1.3227811565E+01   -2.4670468816E-02   -3.5014738242E-02    2.0201589410E-01    4.8889839154E+00
    7.6946332472E-01    1.1290361253E-01    1.3338290111E+00    1.0075271934E+00    1.3149131010E+01   -1.3504459975E-02   -3.9022488308E-02    2.8348481007E-01    4.9038549091E+00
    7.6067189665E-01    9.8005890838E-02    1.3550167833E+00    1.0112615658E+00    1.3051228193E+01   -1.3546695854E-03   -4.3116740877E-02    3.2202435175E-01    4.9200167886E+00
    7.5000575623E-01    8.2167275186E-02    1.3812289708E+00    1.0152327993E+00    1.2950828782E+01    9.1746027912E-03   -4.7492595740E-02    3.0422784996E-01    4.9373064612E+00
    7.3714530994E-01    6.5460745687E-02    1.4115939112E+00    1.0187104155E+00    1.2865369230E+01    1.5670001174E-02   -5.2270913834E-02    2.3531028655E-01    4.9555945817E+00
    7.2224861088E-01    4.7842330313E-02    1.4446561112E+00    1.0210887027E+00    1.2807677205E+01    1.6821418741E-02   -5.7240980467E-02    1.3486799142E-01    4.9748051853E+00
    7.0605146592E-01    2.9192974449E-02    1.4786551789E+00    1.0220994481E+00    1.2782704801E+01    1.2967594766E-02   -6.1809630253E-02    3.1228405381E-02    4.9949208136E+00
    6.8973650306E-01    9.3774455332E-03    1.5119545352E+00    1.0219202770E+00    1.2786176925E+01    6.0781413569E-03   -6.5215643764E-02   -4.4659073170E-02    5.0159725256E+00
    6.7460005781E-01   -1.1807873192E-02    1.5435446258E+00    1.0211298912E+00    1.2805117216E+01   -8.4233127409E-04   -6.6897725404E-02   -6.6979023262E-02    5.0380156814E+00
    6.6168018858E-01   -3.4789560562E-02    1.5734133972E+00    1.0205144884E+00    1.2820813474E+01   -4.7323763352E-03   -6.6831830494E-02   -2.4784937634E-02    5.0610956339E+00
    6.5152744183E-01   -6.0315671338E-02    1.6025424436E+00    1.0207899896E+00    1.2814665196E+01   -3.5301484127E-03   -6.5679493473E-02    6.9971168059E-02    5.0852133020E+00
    6.4419885790E-01   -8.9337381953E-02    1.6324517928E+00    1.0223440623E+00    1.2775545377E+01    3.0732020506E-03   -6.4659214565E-02    1.8325313291E-01    5.1103047470E+00
    6.3942875814E-01   -1.2266653964E-01    1.6644961561E+00    1.0251037445E+00    1.2704911175E+01    1.3568358425E-02   -6.5157948062E-02    2.7230204839E-01    5.1362451750E+00
    6.3685218745E-01   -1.6057672981E-01    1.6992793794E+00    1.0285864748E+00    1.2616075223E+01    2.5318628362E-02   -6.8220471070E-02    3.0546631134E-01    5.1628753901E+00
    6.3616433542E-01   -2.0257765549E-01    1.7364669038E+00    1.0321113166E+00    1.2527730528E+01    3.5603734019E-02   -7.4115551104E-02    2.7671095672E-01    5.1900363057E+00
    6.3718426758E-01   -2.4751455079E-01    1.7750453177E+00    1.0350823549E+00    1.2455434031E+01    4.2519658822E-02   -8.2140698199E-02    2.0751384333E-01    5.2175949208E+00
    6.3987742373E-01   -2.9398595755E-01    1.8138830713E+00    1.0372363353E+00    1.2405111044E+01    4.5529819308E-02   -9.0742521671E-02    1.3687518299E-01    5.2454530702E+00
    6.4439276028E-01   -3.4091142675E-01    1.8523381718E+00    1.0387589258E+00    1.2370866991E+01    4.5636449496E-02   -9.7949449548E-02    1.0420592966E-01    5.2735399468E+00
    6.5109543169E-01   -3.8798179759E-01    1.8906211358E+00    1.0402093349E+00    1.2337789372E+01    4.5051546180E-02   -1.0202637769E-01    1.3121356491E-01    5.3017952158E+00
    6.6052227882E-01   -4.3575090575E-01    1.9297007829E+00    1.0422650525E+00    1.2288994633E+01    4.6290567340E-02   -1.0214113502E-01    2.1066737282E-01    5.3301515509E+00
    6.7322628780E-01   -4.8530176278E-01    1.9707720753E+00    1.0453953314E+00    1.2214047586E+01    5.1008663172E-02   -9.8741246860E-02    3.0920897003E-01    5.3585244854E+00
    6.8956897244E-01   -5.3765877767E-01    2.0145679036E+00    1.0496268602E+00    1.2114275589E+01    5.9230826245E-02   -9.3416766407E-02    3.8410402063E-01    5.3868131233E+00
    7.0957223486E-01   -5.9325910388E-01    2.0608866774E+00    1.0545204144E+00    1.2001894834E+01    6.9405749746E-02   -8.8291379045E-02    4.0431684057E-01    5.4149088326E+00
    7.3291660926E-01   -6.5174717722E-01    2.1085680977E+00    1.0593621717E+00    1.1893860898E+01    7.9151306317E-02   -8.5235393300E-02    3.6402297788E-01    5.4427050520E+00
    7.5910570325E-01   -7.1217160066E-01    2.1559112922E+00    1.0634717735E+00    1.1804289653E+01    8.6242798379E-02   -8.5236953894E-02    2.8310274774E-01    5.4701027105E+00
    7.8774225625E-01   -7.7346225663E-01    2.2013282244E+00    1.0664888121E+00    1.1739070300E+01    8.9446007926E-02   -8.8139267666E-02    1.9670276473E-01    5.4970102724E+00
    8.1879480853E-01   -8.3493331951E-01    2.2439152178E+00    1.0685154985E+00    1.1694370840E+01    8.8931627053E-02   -9.2794684619E-02    1.3951945096E-01    5.5233409621E+00
    8.5270835372E-01   -8.9654327260E-01    2.2836454857E+00    1.0700530550E+00    1.1659061897E+01    8.6117484140E-02   -9.7556225523E-02    1.3123909713E-01    5.5490105021E+00
    8.9026935576E-01   -9.5876643112E-01    2.3210658484E+00    1.0717610510E+00    1.1619902179E+01    8.2987361572E-02   -1.0091720634E-01    1.6916668882E-01    5.5739373187E+00
    9.3226531666E-01   -1.0221445376E+00    2.3566570560E+00    1.0741574151E+00    1.1567256452E+01    8.1217801524E-02   -1.0204907882E-01    2.3154241681E-01    5.5980447696E+00
    9.7910327280E-01   -1.0867703891E+00    2.3902200180E+00    1.0774092296E+00    1.1498641387E+01    8.1573816872E-02   -1.0102722022E-01    2.8984899082E-01    5.6212628528E+00
    1.0305855426E+00   -1.1519919357E+00    2.4206350240E+00    1.0813132332E+00    1.1418424073E+01    8.3849567759E-02   -9.8674300328E-02    3.2327644933E-01    5.6435265724E+00
    1.0859613199E+00   -1.2164928663E+00    2.4461142218E+00    1.0854588536E+00    1.1334251045E+01    8.7274735523E-02   -9.6118559496E-02    3.2744676979E-01    5.6647702403E+00
    1.1442237103E+00   -1.2786858360E+00    2.4647764383E+00    1.0894702971E+00    1.1252592997E+01    9.1070171635E-02   -9.4273142845E-02    3.1341282018E-01    5.6849201079E+00
    1.2044836013E+00   -1.3371759465E+00    2.4751949773E+00    1.0931916187E+00    1.1175883793E+01    9.4844796631E-02   -9.3455595829E-02    2.9877905988E-01    5.7038894844E+00
    1.2662068307E+00   -1.3910238918E+00    2.4766099656E+00    1.0967225111E+00    1.1102415091E+01    9.8688758918E-02   -9.3292260228E-02    2.9674013525E-01    5.7215796462E+00
    1.3291878663E+00   -1.4396824133E+00    2.4687311934E+00    1.1003027658E+00    1.1028530101E+01    1.0299522249E-01   -9.2923735916E-02    3.0910952381E-01    5.7378869562E+00
    1.3933036796E+00   -1.4827018887E+00    2.4513303641E+00    1.1041267150E+00    1.0951580722E+01    1.0816208316E-01   -9.1403096315E-02    3.2652623723E-01    5.7527133505E+00
    1.4582334918E+00   -1.5194493481E+00    2.4239491573E+00    1.1081999849E+00    1.0871930855E+01    1.1435755551E-01   -8.8113985215E-02    3.3488519313E-01    5.7659754611E+00
    1.5233490637E+00   -1.5490626538E+00    2.3859512904E+00    1.1123173310E+00    1.0793001897E+01    1.2146624354E-01   -8.3044230961E-02    3.2387615120E-01    5.7776082149E+00
    1.5878650111E+00   -1.5706906513E+00    2.3369003830E+00    1.1161667578E+00    1.0719536346E+01    1.2919793183E-01   -7.6811326061E-02    2.9284046347E-01    5.7875615101E+00
    1.6511620812E+00   -1.5838667521E+00    2.2770184362E+00    1.1194946081E+00    1.0655198975E+01    1.3723436004E-01   -7.0429909175E-02    2.5102544009E-01    5.7957919827E+00
    1.7130698758E+00   -1.5887608479E+00    2.2074185571E+00    1.1222363182E+00    1.0600845243E+01    1.4529342201E-01   -6.4918643175E-02    2.1250024262E-01    5.8022541101E+00
    1.7739042896E+00   -1.5861220165E+00    2.1299459510E+00    1.1245415824E+00    1.0554293434E+01    1.5309006131E-01   -6.0918118119E-02    1.8873299366E-01    5.8068950593E+00
    1.8341980933E+00   -1.5769170686E+00    2.0467028895E+00    1.1266838557E+00    1.0511627327E+01    1.6026767120E-01   -5.8482916730E-02    1.8277207734E-01    5.8096559731E+00
    1.8942504755E+00   -1.5618583113E+00    1.9595139355E+00    1.1289063163E+00    1.0469325848E+01    1.6638723540E-01   -5.7125344142E-02    1.8788058270E-01    5.8104796643E+00
    1.9537402414E+00   -1.5410808994E+00    1.8696012683E+00    1.1312870869E+00    1.0426144383E+01    1.7101014566E-01   -5.6079186921E-02    1.9113182948E-01    5.8093219979E+00
    2.0116344961E+00   -1.5141463680E+00    1.7776010941E+00    1.1336936809E+00    1.0383809303E+01    1.7385196649E-01   -5.4661971924E-02    1.8007219232E-01    5.8061626205E+00
    2.0664834005E+00   -1.4803693472E+00    1.6838593226E+00    1.1358493835E+00    1.0346192657E+01    1.7494371762E-01   -5.2565989414E-02    1.4909713894E-01    5.8010109163E+00
    2.1169804544E+00   -1.4392849116E+00    1.5888064904E+00    1.1374753464E+00    1.0317417386E+01    1.7471184140E-01   -4.9931940470E-02    1.0229484855E-01    5.7939050701E+00
    2.1624958377E+00   -1.3909946546E+00    1.4931982563E+00    1.1384311950E+00    1.0299873895E+01    1.7389635316E-01   -4.7172387071E-02    5.1293194735E-02    5.7849049647E+00
    2.2032776122E+00   -1.3362055311E+00    1.3981171808E+00    1.1387784684E+00    1.0293127175E+01    1.7329914075E-01   -4.4659700191E-02    9.3226477421E-03    5.7740819888E+00
    2.2401956782E+00   -1.2759640173E+00    1.3047859353E+00    1.1387366688E+00    1.0294202602E+01    1.7346398549E-01   -4.2464974286E-02   -1.5255790839E-02    5.7615097739E+00
    2.2741652911E+00   -1.2112617688E+00    1.2143375062E+00    1.1385628176E+00    1.0299042926E+01    1.7445055628E-01   -4.0284446053E-02   -2.2571263801E-02    5.7472592102E+00
    2.3055578885E+00   -1.1427367540E+00    1.1276750343E+00    1.1384239664E+00    1.0304371344E+01    1.7582125207E-01   -3.7579303583E-02   -2.0376095568E-02    5.7313991776E+00
    2.3338961416E+00   -1.0706080362E+00    1.0454681358E+00    1.1383285622E+00    1.0309031763E+01    1.7684531552E-01   -3.3859483682E-02   -1.9523763399E-02    5.7140019811E+00
    2.3579710741E+00   -9.9483867412E-01    9.6824453628E-01    1.1381450986E+00    1.0314192272E+01    1.7681916639E-01   -2.8983950113E-02   -2.8417155212E-02    5.6951504837E+00
    2.3763075717E+00   -9.1540497597E-01    8.9649433512E-01    1.1376891393E+00    1.0322423663E+01    1.7535893153E-01   -2.3332348417E-02   -4.9331800456E-02    5.6749432975E+00
    2.3877370516E+00   -8.3251148053E-01    8.3071819822E-01    1.1368264694E+00    1.0336243640E+01    1.7254521518E-01   -1.7746731061E-02   -7.8305663839E-02    5.6534954127E+00
    2.3917879510E+00   -7.4663830090E-01    7.7140062126E-01    1.1355353312E+00    1.0356940355E+01    1.6886771934E-01   -1.3244187355E-02   -1.0836497752E-01    5.6309337301E+00
    2.3887065410E+00   -6.5841220240E-01    7.1894272967E-01    1.1338951030E+00    1.0384289341E+01    1.6499750171E-01   -1.0605982062E-02   -1.3426609675E-01    5.6073891048E+00
    2.3791249167E+00   -5.6839674599E-01    6.7361405499E-01    1.1320089675E+00    1.0417312551E+01    1.6147933525E-01   -9.9993610022E-03   -1.5630208945E-01    5.5829879519E+00
    2.3635890809E+00   -4.7694211212E-01    6.3556648122E-01    1.1299041975E+00    1.0455693803E+01    1.5846457769E-01   -1.0777361903E-02   -1.8106797266E-01    5.5578469154E+00
    2.3422405617E+00   -3.8419866111E-01    6.0490870743E-01    1.1274689949E+00    1.0501044037E+01    1.5558913289E-01   -1.1551111691E-02   -2.1822981120E-01    5.5320735190E+00
    2.3148649426E+00   -2.9030084544E-01    5.8179454431E-01    1.1244715814E+00    1.0557111665E+01    1.5205122317E-01   -1.0545169387E-02   -2.7420580305E-01    5.5057740217E+00
    2.2813118720E+00   -1.9562275826E-01    5.6646176250E-01    1.1206682711E+00    1.0628429113E+01    1.4687779602E-01   -6.1393881589E-03   -3.4576656989E-01    5.4790671215E+00
    2.2420550874E+00   -1.0095566679E-01    5.5918223700E-01    1.1159578035E+00    1.0717708122E+01    1.3930590291E-01    2.5788944330E-03   -4.1755397617E-01    5.4520994739E+00
    2.1985401792E+00   -7.4987100800E-03    5.6013603513E-01    1.1105054003E+00    1.0823122495E+01    1.2916138910E-01    1.5429040452E-02   -4.6609020453E-01    5.4250573564E+00
    2.1530572783E+00    8.3336490932E-02    5.6926826670E-01    1.1047639247E+00    1.0936971859E+01    1.1709724624E-01    3.1035394790E-02   -4.6943179495E-01    5.3981689769E+00
    2.1081305253E+00    1.7020601364E-01    5.8619841729E-01    1.0993618266E+00    1.1046895588E+01    1.0456190241E-01    4.7068827671E-02   -4.1837110027E-01    5.3716939291E+00
    2.0656744045E+00    2.5207176493E-01    6.1022646046E-01    1.0948876043E+00    1.1139836860E+01    9.3422838719E-02    6.0833040514E-02   -3.2386174507E-01    5.3458999359E+00
    2.0262832342E+00    3.2831826279E-01    6.4043841346E-01    1.0916515695E+00    1.1207542117E+01    8.5298369222E-02    7.0087865235E-02   -2.1649493781E-01    5.3210319232E+00
    1.9889582315E+00    3.9873667207E-01    6.7587482714E-01    1.0895257861E+00    1.1251117805E+01    8.0824163281E-02    7.3845717416E-02   -1.3698034403E-01    5.2972831734E+00
    1.9513938400E+00    4.6340941636E-01    7.1569772084E-01    1.0879383207E+00    1.1282108904E+01    7.9187180644E-02    7.2789099385E-02   -1.2083206106E-01    5.2747797866E+00
    1.9107376842E+00    5.2255029357E-01    7.5928544228E-01    1.0860347688E+00    1.1319214382E+01    7.8184541211E-02    6.9064486727E-02   -1.8370643161E-01    5.2535854566E+00
    1.8645864425E+00    5.7637022758E-01    8.0621459994E-01    1.0829514373E+00    1.1382030444E+01    7.4840961808E-02    6.5499218462E-02   -3.1383953812E-01    5.2337250523E+00
    1.8119050276E+00    6.2503624372E-01    8.5614551204E-01    1.0781054525E+00    1.1484405648E+01    6.6400009111E-02    6.4585567442E-02   -4.7486646812E-01    5.2152178112E+00
    1.7535504561E+00    6.6874105794E-01    9.0867517608E-01    1.0714053942E+00    1.1629650783E+01    5.1381692211E-02    6.7673946442E-02   -6.1803072937E-01    5.1981083776E+00
    1.6921699206E+00    7.0781386676E-01    9.6322444119E-01    1.0633102837E+00    1.1808893135E+01    3.0347220034E-02    7.4652585968E-02   -6.9920672136E-01    5.1824863767E+00
    1.6314579013E+00    7.4275220578E-01    1.0189890881E+00    1.0547080692E+00    1.2003101442E+01    6.0242654127E-03    8.4113196626E-02   -6.9432545664E-01    5.1684896629E+00
    1.5750315730E+00    7.7410199195E-01    1.0749489936E+00    1.0466432085E+00    1.2188587548E+01   -1.7410599175E-02    9.3840254099E-02   -6.0748159489E-01    5.1562905295E+00
    1.5253477675E+00    8.0222680565E-01    1.1299223173E+00    1.0399786641E+00    1.2344671913E+01   -3.5775379790E-02    1.0147394113E-01   -4.6909636225E-01    5.1460682443E+00
    1.4830333831E+00    8.2708907428E-01    1.1826568807E+00    1.0351056263E+00    1.2460947033E+01   -4.6525639355E-02    1.0521300887E-01   -3.2551344131E-01    5.1379760280E+00
    1.4468095086E+00    8.4816035205E-01    1.2319420148E+00    1.0318042113E+00    1.2541211572E+01   -4.9824320525E-02    1.0433071304E-01   -2.2396582341E-01    5.1321141558E+00
    1.4140124340E+00    8.6453076746E-01    1.2767180866E+00    1.0293171122E+00    1.2602272636E+01   -4.8442085392E-02    9.9248532048E-02   -1.9705783063E-01    5.1285192041E+00
    1.3815838233E+00    8.7524454285E-01    1.3161920572E+00    1.0266307570E+00    1.2667856289E+01   -4.6483322971E-02    9.1145540033E-02   -2.5078003706E-01    5.1271714520E+00
    1.3472336439E+00    8.7980204449E-01    1.3499933422E+00    1.0228715459E+00    1.2759792383E+01   -4.7589903197E-02    8.1398746148E-02   -3.6061640504E-01    5.1280132545E+00
    1.3103262215E+00    8.7862900694E-01    1.3783520038E+00    1.0176594616E+00    1.2889555782E+01   -5.3531244930E-02    7.1185106605E-02   -4.7871207164E-01    5.1309675205E+00
    1.2721107025E+00    8.7325985732E-01    1.4021954261E+00    1.0112738429E+00    1.3052889753E+01   -6.3744097904E-02    6.1330679135E-02   -5.5045816607E-01    5.1359485568E+00
    1.2352333302E+00    8.6610880381E-01    1.4230523847E+00    1.0045708128E+00    1.3229392343E+01   -7.5768847488E-02    5.2306809495E-02   -5.3503307326E-01    5.1428637532E+00
    1.2027745399E+00    8.5989322049E-01    1.4427276620E+00    9.9868203317E-01    1.3388303990E+01   -8.6209024443E-02    4.4283222439E-02   -4.2330673677E-01    5.1516101780E+00
    1.1771726254E+00    8.5689151976E-01    1.4627960732E+00    9.9458639634E-01    1.3500262975E+01   -9.1930816748E-02    3.7192928262E-02   -2.4581055728E-01    5.1620729681E+00
    1.1593924427E+00    8.5827922798E-01    1.4840617033E+00    9.9270167668E-01    1.3551054821E+01   -9.1281968431E-02    3.0769646986E-02   -6.3823376138E-02    5.1741306977E+00
    1.1486370853E+00    8.6382080477E-01    1.5062376482E+00    9.9267918905E-01    1.3549617600E+01   -8.4891578801E-02    2.4580364251E-02    5.6645452734E-02    5.1876668205E+00
    1.1427247335E+00    8.7210979519E-01    1.5281004868E+00    9.9352744664E-01    1.3524376009E+01   -7.5520097040E-02    1.8146950568E-02    7.5760166371E-02    5.2025802597E+00
    1.1389642546E+00    8.8129446287E-01    1.5481487678E+00    9.9402453649E-01    1.3509918320E+01   -6.6893818269E-02    1.1160751261E-02   -2.4390775979E-03    5.2187879772E+00
    1.1351356480E+00    8.8995648649E-01    1.5654745831E+00    9.9321991828E-01    1.3532214271E+01   -6.2128259494E-02    3.6444700865E-03   -1.3460470835E-01    5.2362180033E+00
    1.1301809051E+00    8.9774477988E-01    1.5804141157E+00    9.9079906579E-01    1.3599357512E+01   -6.2525487608E-02   -4.0543373414E-03   -2.5916312136E-01    5.2547973368E+00
    1.1244035684E+00    9.0553404521E-01    1.5946787827E+00    9.8717981297E-01    1.3699862039E+01   -6.7168379680E-02   -1.1407839693E-02   -3.2132003629E-01    5.2744408784E+00
    1.1191887803E+00    9.1511482436E-01    1.6109380334E+00    9.8332940427E-01    1.3807495944E+01   -7.3335955166E-02   -1.7893097218E-02   -2.9242504883E-01    5.2950457024E+00
    1.1163751780E+00    9.2856947472E-01    1.6320365457E+00    9.8037580506E-01    1.3891092813E+01   -7.7594905309E-02   -2.3140727877E-02   -1.7961159323E-01    5.3164925846E+00
    1.1174627462E+00    9.4752753437E-01    1.6601136036E+00    9.7914373939E-01    1.3927071999E+01   -7.7285482138E-02   -2.7006452386E-02   -2.4042958702E-02    5.3386554602E+00
    1.1228991386E+00    9.7250673449E-01    1.6958963722E+00    9.7978773387E-01    1.3910279752E+01   -7.1840560210E-02   -2.9569780286E-02    1.1327570239E-01    5.3614179261E+00
    1.1317337069E+00    1.0025741767E+00    1.7384125002E+00    9.8169060874E-01    1.3857475610E+01   -6.3211866938E-02   -3.1109703672E-02    1.7580810141E-01    5.3846918718E+00
    1.1418558086E+00    1.0355299885E+00    1.7852824596E+00    9.8370361762E-01    1.3800569133E+01   -5.5031914901E-02   -3.2093163636E-02    1.3711101556E-01    5.4084288109E+00
    1.1507972650E+00    1.0686419007E+00    1.8335697150E+00    9.8464562018E-01    1.3772534183E+01   -5.0898676080E-02   -3.3140078678E-02    1.5406316503E-02    5.4326149981E+00
    1.1567935922E+00    1.0997037272E+00    1.8809428284E+00    9.8384861170E-01    1.3792609840E+01   -5.2666171310E-02   -3.4903999340E-02   -1.3080414936E-01    5.4572485407E+00
    1.1596379291E+00    1.1280035203E+00    1.9267434062E+00    9.8151253716E-01    1.3856564675E+01   -5.9487838595E-02   -3.7871241537E-02   -2.2514287024E-01    5.4823056786E+00
    1.1609016112E+00    1.1547500457E+00    1.9724986585E+00    9.7870387547E-01    1.3935523932E+01   -6.7942322119E-02   -4.2154780398E-02   -2.0632011972E-01    5.5077098718E+00
    1.1633119249E+00    1.1826296894E+00    2.0214791644E+00    9.7695192384E-01    1.3985718752E+01   -7.3280514560E-02   -4.7395788384E-02   -6.0306448385E-02    5.5333203174E+00
    1.1694401731E+00    1.2144950705E+00    2.0772058594E+00    9.7755538501E-01    1.3968642477E+01   -7.1530299358E-02   -5.2892543500E-02    1.6404772218E-01    5.5589529005E+00
    1.1802782088E+00    1.2517087030E+00    2.1414334665E+00    9.8089884703E-01    1.3873133679E+01   -6.1581140473E-02   -5.7986927023E-02    3.7148915064E-01    5.5844304387E+00
    1.1945021004E+00    1.2930731800E+00    2.2127359655E+00    9.8616929033E-01    1.3724299656E+01   -4.5929432298E-02   -6.2501879940E-02    4.6748687935E-01    5.6096353013E+00
    1.2089245513E+00    1.3350930942E+00    2.2867134460E+00    9.9168370930E-01    1.3571355706E+01   -2.9479545824E-02   -6.6872524397E-02    4.0840913670E-01    5.6345292525E+00
    1.2199339793E+00    1.3735246893E+00    2.3578935949E+00    9.9566193704E-01    1.3463185863E+01   -1.7252543329E-02   -7.1824065764E-02    2.2286856299E-01    5.6591268686E+00
    1.2251744386E+00    1.4054248286E+00    2.4224052214E+00    9.9703405561E-01    1.3427006654E+01   -1.2381319648E-02   -7.7806933272E-02   -3.6673594967E-03    5.6834397644E+00
    1.2246741642E+00    1.4307058061E+00    2.4801371396E+00    9.9591799429E-01    1.3458186302E+01   -1.5074031123E-02   -8.4537569735E-02   -1.6722046288E-01    5.7074219947E+00
    1.2209196938E+00    1.4524354630E+00    2.5352950371E+00    9.9358784865E-01    1.3521978690E+01   -2.2588570810E-02   -9.0924043262E-02   -1.9005333616E-01    5.7309424326E+00
    1.2177710315E+00    1.4755754525E+00    2.5947958449E+00    9.9192747328E-01    1.3567114493E+01   -3.0247397257E-02   -9.5517572101E-02   -5.7694955320E-02    5.7538000010E+00
    1.2186062843E+00    1.5045382293E+00    2.6648811759E+00    9.9255611190E-01    1.3549423027E+01   -3.3439121731E-02   -9.7368205324E-02    1.6944460747E-01    5.7757819121E+00
    1.2245818882E+00    1.5407355892E+00    2.7475478466E+00    9.9603650813E-01    1.3455006381E+01   -2.9809683583E-02   -9.6773894210E-02    3.8488310211E-01    5.7967386789E+00
    1.2339968955E+00    1.5815717889E+00    2.8389603527E+00    1.0016318119E+00    1.3306624850E+01   -2.0230529125E-02   -9.5296216301E-02    4.9463753643E-01    5.8166292199E+00
    1.2431430198E+00    1.6215617238E+00    2.9310089806E+00    1.0077670538E+00    1.3147946573E+01   -7.9059914917E-03   -9.4949966380E-02    4.6652094755E-01    5.8355046293E+00
    1.2480939263E+00    1.6549073825E+00    3.0151731516E+00    1.0128842477E+00    1.3018577377E+01    3.5232417917E-03   -9.7152544516E-02    3.3900773704E-01    5.8534436740E+00
    1.2464133560E+00    1.6780713644E+00    3.0865230547E+00    1.0161893247E+00    1.2936210004E+01    1.1611816582E-02   -1.0206210817E-01    1.9281803927E-01    5.8704826375E+00
    1.2379623857E+00    1.6910602046E+00    3.1457931307E+00    1.0179465377E+00    1.2892225525E+01    1.5893027182E-02   -1.0852492006E-01    1.0789506464E-01    5.8865762616E+00
    1.2245249373E+00    1.6968740559E+00    3.1985217905E+00    1.0192412991E+00    1.2859111932E+01    1.7784659860E-02   -1.1458597363E-01    1.2600265315E-01    5.9016043207E+00
    1.2085370478E+00    1.6994721121E+00    3.2516823121E+00    1.0213560993E+00    1.2805673716E+01    1.9741632235E-02   -1.1840869807E-01    2.3277897087E-01    5.9154177356E+00
    1.1916337466E+00    1.7013632667E+00    3.3095675068E+00    1.0250731810E+00    1.2713667787E+01    2.3999503213E-02   -1.1923748401E-01    3.6765949437E-01    5.9279007875E+00
    1.1738128440E+00    1.7021681839E+00    3.3712351999E+00    1.0302729238E+00    1.2587034447E+01    3.1557190121E-02   -1.1784756641E-01    4.5815541455E-01    5.9390156017E+00
    1.1536237066E+00    1.6989219205E+00    3.4309817950E+00    1.0360408300E+00    1.2448176125E+01    4.1942908737E-02   -1.1615102428E-01    4.5884320197E-01    5.9488034844E+00
    1.1291420128E+00    1.6877990413E+00    3.4814712807E+00    1.0411869985E+00    1.2324691369E+01    5.3703605950E-02   -1.1619512601E-01    3.7183257887E-01    5.9573449514E+00
    1.0990659367E+00    1.6661398398E+00    3.5176119289E+00    1.0448537388E+00    1.2235652184E+01    6.5101629321E-02   -1.1913243228E-01    2.4031782392E-01    5.9647048876E+00
    1.0633337225E+00    1.6336626325E+00    3.5390675097E+00    1.0468948169E+00    1.2184178595E+01    7.4622775969E-02   -1.2463428099E-01    1.2403644955E-01    5.9708928247E+00
    1.0230534414E+00    1.5923775079E+00    3.5502780975E+00    1.0478823121E+00    1.2157809384E+01    8.1254825882E-02   -1.3096264563E-01    7.1114579800E-02    5.9758551845E+00
    9.7992403673E-01    1.5454405967E+00    3.5582068221E+00    1.0487838681E+00    1.2135152092E+01    8.4625581491E-02   -1.3570532414E-01    9.7642376640E-02    5.9795002683E+00
    9.3552457472E-01    1.4956410498E+00    3.5690390144E+00    1.0504819450E+00    1.2096006892E+01    8.5004584418E-02   -1.3691713730E-01    1.8210257860E-01    5.9817438307E+00
    8.9083510261E-01    1.4442919706E+00    3.5854477382E+00    1.0533652568E+00    1.2030724112E+01    8.3141490033E-02   -1.3410752440E-01    2.7728579773E-01    5.9825539888E+00
    8.4617646504E-01    1.3910213255E+00    3.6057141091E+00    1.0571890277E+00    1.1944033510E+01    8.0008241733E-02   -1.2847215466E-01    3.3455130269E-01    5.9819731734E+00
    8.0150217382E-01    1.3344360325E+00    3.6250034265E+00    1.0612575788E+00    1.1851354902E+01    7.6560319302E-02   -1.2220009940E-01    3.2716484990E-01    5.9801066143E+00
    7.5678579847E-01    1.2731422907E+00    3.6379069122E+00    1.0647973902E+00    1.1770439181E+01    7.3540047864E-02   -1.1730887683E-01    2.5967179903E-01    5.9770860696E+00
    7.1225281634E-01    1.2064895270E+00    3.6407641007E+00    1.0672977849E+00    1.1713570676E+01    7.1276229603E-02   -1.1471923327E-01    1.6051022765E-01    5.9730298170E+00
    6.6837848224E-01    1.1347193231E+00    3.6326799924E+00    1.0686603952E+00    1.1683830168E+01    6.9530160260E-02   -1.1402327842E-01    6.5479461214E-02    5.9680175113E+00
    6.2574701895E-01    1.0586363223E+00    3.6151036649E+00    1.0691396180E+00    1.1675790409E+01    6.7545196601E-02   -1.1393310755E-01    2.0009269019E-03    5.9620870526E+00
    5.8491649320E-01    9.7914326974E-01    3.5905736398E+00    1.0691597450E+00    1.1679169140E+01    6.4376807733E-02   -1.1305958195E-01   -1.9793088159E-02    5.9552495665E+00
    5.4637113810E-01    8.9693271452E-01    3.5614105358E+00    1.0691178815E+00    1.1683532915E+01    5.9367211979E-02   -1.1058701122E-01   -7.6295771867E-03    5.9475123600E+00
    5.1055371748E-01    8.1244300092E-01    3.5289033455E+00    1.0692512832E+00    1.1682228943E+01    5.2497295357E-02   -1.0654124481E-01    1.9304352277E-02    5.9388984754E+00
    4.7791702661E-01    7.2600928357E-01    3.4931607881E+00    1.0695990467E+00    1.1674145667E+01    4.4410895479E-02   -1.0159292731E-01    4.0253521167E-02    5.9294547631E+00
    4.4893541524E-01    6.3804839475E-01    3.4534668917E+00    1.0700427966E+00    1.1662905544E+01    3.6093169711E-02   -9.6576748189E-02    4.1505085477E-02    5.9192471707E+00
    4.2406083117E-01    5.4913426530E-01    3.4088049897E+00    1.0703839837E+00    1.1654364173E+01    2.8370398932E-02   -9.2028740929E-02    1.9987218606E-02    5.9083488280E+00
    4.0365743502E-01    4.5992122066E-01    3.3582580697E+00    1.0704169616E+00    1.1653943121E+01    2.1493242886E-02   -8.7989150894E-02   -1.8562889573E-02    5.8968293019E+00
    3.8796782832E-01    3.7098040871E-01    3.3011925223E+00    1.0699807135E+00    1.1664924263E+01    1.5031552374E-02   -8.4136160827E-02   -6.4156851864E-02    5.8847507418E+00
    3.7714217359E-01    2.8265993220E-01    3.2373167223E+00    1.0689954480E+00    1.1687904094E+01    8.1616086414E-03   -8.0124662271E-02   -1.0646280077E-01    5.8721711545E+00
    3.7131991668E-01    1.9504926143E-01    3.1667552201E+00    1.0674959629E+00    1.1720911711E+01    2.2896065666E-04   -7.5905289217E-02   -1.3634535394E-01    5.8591507402E+00
    3.7072086860E-01    1.0805784661E-01    3.0901902573E+00    1.0656609293E+00    1.1759612897E+01   -8.6810463070E-03   -7.1830019275E-02   -1.4566411373E-01    5.8457564472E+00
    3.7569524093E-01    2.1554841047E-02    3.0089827743E+00    1.0638186175E+00    1.1797463060E+01   -1.7465884394E-02   -6.8489062282E-02   -1.2744107777E-01    5.8320624014E+00
    3.8670179998E-01   -6.4501694262E-02    2.9251056441E+00    1.0624016401E+00    1.1826240253E+01   -2.4220145157E-02   -6.6391397372E-02   -7.8138270130E-02    5.8181473678E+00
    4.0421657202E-01   -1.4998466870E-01    2.8407707494E+00    1.0618373303E+00    1.1837603360E+01   -2.6931280639E-02   -6.5691876838E-02   -1.7389611597E-03    5.8040922691E+00
    4.2860393594E-01   -2.3455405341E-01    2.7577994499E+00    1.0623950819E+00    1.1825833775E+01   -2.4403813600E-02   -6.6120711300E-02    8.7039348306E-02    5.7899798358E+00
    4.5999583235E-01   -3.1761736507E-01    2.6769716923E+00    1.0640488544E+00    1.1790885812E+01   -1.6990207281E-02   -6.7124823967E-02    1.6392161625E-01    5.7758957935E+00
    4.9822303086E-01   -3.9829584412E-01    2.5976713224E+00    1.0664262537E+00    1.1740033811E+01   -6.7301667094E-03   -6.8099712271E-02    2.0235479752E-01    5.7619289753E+00
    5.4283038663E-01   -4.7544934234E-01    2.5180595915E+00    1.0688899060E+00    1.1686630570E+01    3.2502855409E-03   -6.8572917667E-02    1.8484886860E-01    5.7481681216E+00
    5.9318870038E-01   -5.4782566130E-01    2.4357797553E+00    1.0707402629E+00    1.1645902414E+01    9.8736918867E-03   -6.8282717686E-02    1.1300900056E-01    5.7346955785E+00
    6.4869014419E-01   -6.1434679485E-01    2.3489352136E+00    1.0714705014E+00    1.1629318535E+01    1.1313357117E-02   -6.7168844257E-02    1.0516571301E-02    5.7215807899E+00
    7.0898318925E-01   -6.7445231713E-01    2.2569300529E+00    1.0709738081E+00    1.1639797310E+01    7.7644650313E-03   -6.5292153007E-02   -8.3675234307E-02    5.7088776218E+00
    7.7417005414E-01   -7.2834854731E-01    2.1608061797E+00    1.0696140681E+00    1.1669722804E+01    1.4621044988E-03   -6.2693946680E-02   -1.3018185918E-01    5.6966286142E+00
    8.4486646349E-01   -7.7701227543E-01    2.0629374168E+00    1.0681168244E+00    1.1702947427E+01   -4.1002978560E-03   -5.9268130165E-02   -1.0637381279E-01    5.6848765775E+00
    9.2203432664E-01   -8.2188249666E-01    1.9662258226E+00    1.0673036507E+00    1.1720747063E+01   -5.5070744038E-03   -5.4776582953E-02   -1.8175797596E-02    5.6736802676E+00
    1.0065698467E+00   -8.6431420037E-01    1.8731482748E+00    1.0677615225E+00    1.1709832526E+01   -8.1288176990E-04   -4.9054349360E-02    1.0008571618E-01    5.6631276330E+00
    1.0987580146E+00   -9.0500262153E-01    1.7850378171E+00    1.0695816028E+00    1.1668734698E+01    9.6101980278E-03   -4.2269878365E-02    1.9917739305E-01    5.6533396463E+00
    1.1978286353E+00   -9.4364049924E-01    1.7018615270E+00    1.0722885637E+00    1.1609017997E+01    2.3182022741E-02   -3.5036966093E-02    2.3596494666E-01    5.6444614174E+00
    1.3018745879E+00   -9.7899382404E-01    1.6225364161E+00    1.0750038621E+00    1.1550579469E+01    3.6140882345E-02   -2.8286503799E-02    1.9164646225E-01    5.6366432780E+00
    1.4082598931E+00   -1.0093851049E+00    1.5455910720E+00    1.0767769198E+00    1.1513710191E+01    4.5012655838E-02   -2.2942571887E-02    7.8471872731E-02    5.6300187581E+00
    1.5143928301E+00   -1.0333550929E+00    1.4698398308E+00    1.0769361219E+00    1.1511901650E+01    4.7881271440E-02   -1.9511350384E-02   -6.7587456298E-02    5.6246867262E+00
    1.6185124076E+00   -1.0501753545E+00    1.3947708925E+00    1.0753041310E+00    1.1548211705E+01    4.4957785873E-02   -1.7734613344E-02   -2.0375170397E-01    5.6207027045E+00
    1.7201013672E+00   -1.0599860154E+00    1.3205465651E+00    1.0721945418E+00    1.1615925866E+01    3.8269283848E-02   -1.6492261946E-02   -2.9809349586E-01    5.6180814594E+00
    1.8197411173E+00   -1.0635686494E+00    1.2477405290E+00    1.0682180158E+00    1.1702510692E+01    3.0657817749E-02   -1.4087572765E-02   -3.3946545325E-01    5.6168098868E+00
    1.9185305277E+00   -1.0619604246E+00    1.1770393781E+00    1.0640128108E+00    1.1794794237E+01    2.4568472941E-02   -8.8878989954E-03   -3.3630599388E-01    5.6168658298E+00
    2.0174017809E+00   -1.0561465899E+00    1.1090709364E+00    1.0600326624E+00    1.1883096336E+01    2.1180998728E-02   -8.8699452674E-05   -3.0739986892E-01    5.6182359094E+00
    2.1166735716E+00   -1.0469501148E+00    1.0443755751E+00    1.0564732561E+00    1.1962829289E+01    2.0236840447E-02    1.1767216945E-02   -2.7103260988E-01    5.6209255461E+00
    2.2160125533E+00   -1.0350803763E+00    9.8343089893E-01    1.0533338061E+00    1.2033532679E+01    2.0535505814E-02    2.4840798850E-02   -2.3806582607E-01    5.6249578050E+00
    2.3147269031E+00   -1.0212076798E+00    9.2663229053E-01    1.0505393795E+00    1.2096623077E+01    2.0742782189E-02    3.6692278739E-02   -2.1136662931E-01    5.6303629226E+00
    2.4121137501E+00   -1.0059379565E+00    8.7419918023E-01    1.0480280116E+00    1.2153653964E+01    2.0043605069E-02    4.5344271200E-02   -1.9058157658E-01    5.6371645655E+00
    2.5075579939E+00   -9.8966082155E-01    8.2606037852E-01    1.0457467165E+00    1.2206261252E+01    1.8320593242E-02    5.0188077767E-02   -1.7808897974E-01    5.6453696826E+00
    2.6002973852E+00   -9.7237437403E-01    7.8181297240E-01    1.0435791813E+00    1.2257477170E+01    1.5856922775E-02    5.2238271646E-02   -1.8089094702E-01    5.6549657089E+00
    2.6890998445E+00   -9.5365604961E-01    7.4081931049E-01    1.0412894644E+00    1.2312763694E+01    1.2857201826E-02    5.3578084336E-02   -2.0624231167E-01    5.6659236863E+00
    2.7722604729E+00   -9.3288131609E-01    7.0242206978E-01    1.0385601039E+00    1.2379143824E+01    9.1606327066E-03    5.6303198885E-02   -2.5410663620E-01    5.6782020904E+00
    2.8481402180E+00   -9.0962455234E-01    6.6617654437E-01    1.0351328760E+00    1.2462243410E+01    4.3492607417E-03    6.1541352129E-02   -3.1237490853E-01    5.6917464703E+00
    2.9160502668E+00   -8.8403164054E-01    6.3198099387E-01    1.0309797262E+00    1.2562672027E+01   -1.8343374026E-03    6.9019004171E-02   -3.5901848146E-01    5.7064840852E+00
    2.9769401058E+00   -8.5693750773E-01    6.0003978744E-01    1.0263949215E+00    1.2673882773E+01   -9.0642114020E-03    7.7302467520E-02   -3.7113771417E-01    5.7223175439E+00
    3.0333295423E+00   -8.2962568149E-01    5.7068178023E-01    1.0219277887E+00    1.2783277413E+01   -1.6338398874E-02    8.4514076479E-02   -3.3713568502E-01    5.7391239329E+00
    3.0882829578E+00   -8.0331514947E-01    5.4412518536E-01    1.0181541198E+00    1.2877062151E+01   -2.2369324327E-02    8.9148875824E-02   -2.6606661139E-01    5.7567644113E+00
    3.1437897204E+00   -7.7861104796E-01    5.2029893780E-01    1.0153783888E+00    1.2947329172E+01   -2.6293479624E-02    9.0623260191E-02   -1.8817169147E-01    5.7751036972E+00
    3.1993864706E+00   -7.5519656603E-01    4.9879931471E-01    1.0134208857E+00    1.2997783673E+01   -2.8278693658E-02    8.9361191833E-02   -1.4372965692E-01    5.7940314031E+00
    3.2519235480E+00   -7.3194743446E-01    4.7899691904E-01    1.0116277124E+00    1.3044248861E+01   -2.9607982685E-02    8.6473131522E-02   -1.6356897822E-01    5.8134725563E+00
    3.2968900000E+00   -7.0744918573E-01    4.6024120342E-01    1.0091369922E+00    1.3108622964E+01   -3.2122000159E-02    8.3249633893E-02   -2.5070779438E-01    5.8333776246E+00
    3.3308555742E+00   -6.8068716478E-01    4.4206817748E-01    1.0052947895E+00    1.3208701050E+01   -3.7300611431E-02    8.0702004852E-02   -3.7350490029E-01    5.8536925663E+00
    3.3538769145E+00   -6.5158283279E-01    4.2432221554E-01    1.0000279486E+00    1.3348306259E+01   -4.5454856767E-02    7.9292544430E-02   -4.7514981430E-01    5.8743206521E+00
    3.3706034542E+00   -6.2112123818E-01    4.0714847631E-01    9.9399371557E-01    1.3511882669E+01   -5.5398040018E-02    7.8881981342E-02   -4.9673170173E-01    5.8950942769E+00
    3.3893129289E+00   -5.9099356172E-01    3.9086752482E-01    9.8840860007E-01    1.3666810762E+01   -6.4752180574E-02    7.8837772200E-02   -4.0589288012E-01    5.9157750642E+00
    3.4189177529E+00   -5.6287489869E-01    3.7578656691E-01    9.8457220599E-01    1.3775344032E+01   -7.0879697626E-02    7.8255916332E-02   -2.1953688417E-01    5.9360931303E+00
    3.4649098649E+00   -5.3762669874E-01    3.6202744346E-01    9.8324383263E-01    1.3813577720E+01   -7.2191214681E-02    7.6307990162E-02   -6.2610250896E-03    5.9558180524E+00
    3.5260557312E+00   -5.1480787641E-01    3.4945212904E-01    9.8417063126E-01    1.3787406885E+01   -6.9175941750E-02    7.2643210067E-02    1.4069989528E-01    5.9748286222E+00
    3.5938154030E+00   -4.9279028387E-01    3.3772566763E-01    9.8607199559E-01    1.3733369792E+01   -6.4385323336E-02    6.7568936852E-02    1.5011916941E-01    5.9931371074E+00
    3.6553255569E+00   -4.6946422024E-01    3.2648032107E-01    9.8715337014E-01    1.3702363076E+01   -6.1257132738E-02    6.1792267895E-02    1.1123448764E-02    6.0108463150E+00
    3.6988383280E+00   -4.4317768837E-01    3.1548804416E-01    9.8590531433E-01    1.3736643487E+01   -6.2530369873E-02    5.5914101078E-02   -2.1925579291E-01    6.0280592648E+00
    3.7191126236E+00   -4.1343054378E-01    3.0475248857E-01    9.8180310418E-01    1.3851762464E+01   -6.9093324251E-02    5.0110901816E-02   -4.3977540332E-01    6.0447852696E+00
    3.7202234013E+00   -3.8099125865E-01    2.9448337445E-01    9.7560660343E-01    1.4028479656E+01   -7.9576896935E-02    4.4217322369E-02   -5.4657436621E-01    6.0608824068E+00
    3.7143174175E+00   -3.4739363979E-01    2.8497705196E-01    9.6912504415E-01    1.4216498277E+01   -9.0698535343E-02    3.8065665020E-02   -4.7862866498E-01    6.0760624579E+00
    3.7164346753E+00   -3.1407225044E-01    2.7646869626E-01    9.6447788485E-01    1.4352776069E+01   -9.8434830020E-02    3.1822549434E-02   -2.5210940660E-01    6.0899682922E+00
    3.7373578433E+00   -2.8160572081E-01    2.6903511242E-01    9.6310276830E-01    1.4392182783E+01   -9.9919977792E-02    2.6120489265E-02    3.7283836275E-02    6.1023031951E+00
    3.7779713061E+00   -2.4951471103E-01    2.6259700508E-01    9.6499930699E-01    1.4334268869E+01   -9.5156756529E-02    2.1827381454E-02    2.5826798496E-01    6.1129478253E+00
    3.8285011577E+00   -2.1672576115E-01    2.5700606900E-01    9.6869593331E-01    1.4224533261E+01   -8.7181315346E-02    1.9480439407E-02    3.1486521221E-01    6.1219877457E+00
    3.8734427777E+00   -1.8235823985E-01    2.5214885338E-01    9.7201050148E-01    1.4127881105E+01   -8.0387943147E-02    1.8781962112E-02    1.9695846777E-01    6.1296300303E+00
    3.8995321845E+00   -1.4629990337E-01    2.4800263483E-01    9.7316018430E-01    1.4094673965E+01   -7.8215664197E-02    1.8584125080E-02   -1.9776468402E-02    6.1360650260E+00
    3.9024096676E+00   -1.0923603977E-01    2.4462789060E-01    9.7161623397E-01    1.4138908419E+01   -8.1561848785E-02    1.7362484538E-02   -2.1629292648E-01    6.1413537607E+00
    3.8885135122E+00   -7.2170148176E-02    2.4212346133E-01    9.6830686689E-01    1.4234362592E+01   -8.8482540581E-02    1.3883701216E-02   -2.8896846426E-01    6.1453918297E+00
    3.8713053653E+00   -3.5773951792E-02    2.4058122755E-01    9.6509657091E-01    1.4327808371E+01   -9.5172486441E-02    7.8111715865E-03   -2.0035766385E-01    6.1479613170E+00
    3.8637932349E+00    0.0000000000E+00    2.4006054170E-01    9.6378088733E-01    1.4366357396E+01   -9.7917309821E-02    0.0000000000E+00    0.0000000000E+00    6.1488475354E+00
    3.8713053653E+00    3.5773951792E-02    2.4058122755E-01    9.6509657091E-01    1.4327808371E+01   -9.5172486441E-02   -7.8111715865E-03    2.0035766385E-01    6.1479613170E+00
    3.8885135122E+00    7.2170148176E-02    2.4212346133E-01    9.6830686689E-01    1.4234362592E+01   -8.8482540581E-02   -1.3883701216E-02    2.8896846426E-01    6.1453918297E+00
    3.9024096676E+00    1.0923603977E-01    2.4462789060E-01    9.7161623397E-01    1.4138908419E+01   -8.1561848785E-02   -1.7362484538E-02    2.1629292648E-01    6.1413537607E+00
    3.8995321845E+00    1.4629990337E-01    2.4800263483E-01    9.7316018430E-01    1.4094673965E+01   -7.8215664197E-02   -1.8584125080E-02    1.9776468402E-02    6.1360650260E+00
    3.8734427777E+00    1.8235823985E-01    2.5214885338E-01    9.7201050148E-01    1.4127881105E+01   -8.0387943147E-02   -1.8781962112E-02   -1.9695846777E-01    6.1296300303E+00
    3.8285011577E+00    2.1672576115E-01    2.5700606900E-01    9.6869593331E-01    1.4224533261E+01   -8.7181315346E-02   -1.9480439407E-02   -3.1486521221E-01    6.1219877457E+00
    3.7779713061E+00    2.4951471103E-01    2.6259700508E-01    9.6499930699E-01    1.4334268869E+01   -9.5156756529E-02   -2.1827381454E-02   -2.5826798496E-01    6.1129478253E+00
    3.7373578433E+00    2.8160572081E-01    2.6903511242E-01    9.6310276830E-01    1.4392182783E+01   -9.9919977792E-02   -2.6120489265E-02   -3.7283836275E-02    6.1023031951E+00
    3.7164346753E+00    3.1407225044E-01    2.7646869626E-01    9.6447788485E-01    1.4352776069E+01   -9.8434830020E-02   -3.1822549434E-02    2.5210940660E-01    6.0899682922E+00
    3.7143174175E+00    3.4739363979E-01    2.8497705196E-01    9.6912504415E-01    1.4216498277E+01   -9.0698535343E-02   -3.8065665020E-02    4.7862866498E-01    6.0760624579E+00
    3.7202234013E+00    3.8099125865E-01    2.9448337445E-01    9.7560660343E-01    1.4028479656E+01   -7.9576896935E-02   -4.4217322369E-02    5.4657436621E-01    6.0608824068E+00
    3.7191126236E+00    4.1343054378E-01    3.0475248857E-01    9.8180310418E-01    1.3851762464E+01   -6.9093324251E-02   -5.0110901816E-02    4.3977540332E-01    6.0447852696E+00
    3.6988383280E+00    4.4317768837E-01    3.1548804416E-01    9.8590531433E-01    1.3736643487E+01   -6.2530369873E-02   -5.5914101078E-02    2.1925579291E-01    6.0280592648E+00
    3.6553255569E+00    4.6946422024E-01    3.2648032107E-01    9.8715337014E-01    1.3702363076E+01   -6.1257132738E-02   -6.1792267895E-02   -1.1123448764E-02    6.0108463150E+00
    3.5938154030E+00    4.9279028387E-01    3.3772566763E-01    9.8607199559E-01    1.3733369792E+01   -6.4385323336E-02   -6.7568936852E-02   -1.5011916941E-01    5.9931371074E+00
    3.5260557312E+00    5.1480787641E-01    3.4945212904E-01    9.8417063126E-01    1.3787406885E+01   -6.9175941750E-02   -7.2643210067E-02   -1.4069989528E-01    5.9748286222E+00
    3.4649098649E+00    5.3762669874E-01    3.6202744346E-01    9.8324383263E-01    1.3813577720E+01   -7.2191214681E-02   -7.6307990162E-02    6.2610250896E-03    5.9558180524E+00
    3.4189177529E+00    5.6287489869E-01    3.7578656691E-01    9.8457220599E-01    1.3775344032E+01   -7.0879697626E-02   -7.8255916332E-02    2.1953688417E-01    5.9360931303E+00
    3.3893129289E+00    5.9099356172E-01    3.9086752482E-01    9.8840860007E-01    1.3666810762E+01   -6.4752180574E-02   -7.8837772200E-02    4.0589288012E-01    5.9157750642E+00
    3.3706034542E+00    6.2112123818E-01    4.0714847631E-01    9.9399371557E-01    1.3511882669E+01   -5.5398040018E-02   -7.8881981342E-02    4.9673170173E-01    5.8950942769E+00
    3.3538769145E+00    6.5158283279E-01    4.2432221554E-01    1.0000279486E+00    1.3348306259E+01   -4.5454856767E-02   -7.9292544430E-02    4.7514981430E-01    5.8743206521E+00
    3.3308555742E+00    6.8068716478E-01    4.4206817748E-01    1.0052947895E+00    1.3208701050E+01   -3.7300611431E-02   -8.0702004852E-02    3.7350490029E-01    5.8536925663E+00
    3.2968900000E+00    7.0744918573E-01    4.6024120342E-01    1.0091369922E+00    1.3108622964E+01   -3.2122000159E-02   -8.3249633893E-02    2.5070779438E-01    5.8333776246E+00
    3.2519235480E+00    7.3194743446E-01    4.7899691904E-01    1.0116277124E+00    1.3044248861E+01   -2.9607982685E-02   -8.6473131522E-02    1.6356897822E-01    5.8134725563E+00
    3.1993864706E+00    7.5519656603E-01    4.9879931471E-01    1.0134208857E+00    1.2997783673E+01   -2.8278693658E-02   -8.9361191833E-02    1.4372965692E-01    5.7940314031E+00
    3.1437897204E+00    7.7861104796E-01    5.2029893780E-01    1.0153783888E+00    1.2947329172E+01   -2.6293479624E-02   -9.0623260191E-02    1.8817169147E-01    5.7751036972E+00
    3.0882829578E+00    8.0331514947E-01    5.4412518536E-01    1.0181541198E+00    1.2877062151E+01   -2.2369324327E-02   -8.9148875824E-02    2.6606661139E-01    5.7567644113E+00
    3.0333295423E+00    8.2962568149E-01    5.7068178023E-01    1.0219277887E+00    1.2783277413E+01   -1.6338398874E-02   -8.4514076479E-02    3.3713568502E-01    5.7391239329E+00
    2.9769401058E+00    8.5693750773E-01    6.0003978744E-01    1.0263949215E+00    1.2673882773E+01   -9.0642114020E-03   -7.7302467520E-02    3.7113771417E-01    5.7223175439E+00
    2.9160502668E+00    8.8403164054E-01    6.3198099387E-01    1.0309797262E+00    1.2562672027E+01   -1.8343374026E-03   -6.9019004171E-02    3.5901848146E-01    5.7064840852E+00
    2.8481402180E+00    9.0962455234E-01    6.6617654437E-01    1.0351328760E+00    1.2462243410E+01    4.3492607417E-03   -6.1541352129E-02    3.1237490853E-01    5.6917464703E+00
    2.7722604729E+00    9.3288131609E-01    7.0242206978E-01    1.0385601039E+00    1.2379143824E+01    9.1606327066E-03   -5.6303198885E-02    2.5410663620E-01    5.6782020904E+00
    2.6890998445E+00    9.5365604961E-01    7.4081931049E-01    1.0412894644E+00    1.2312763694E+01    1.2857201826E-02   -5.3578084336E-02    2.0624231167E-01    5.6659236863E+00
    2.6002973852E+00    9.7237437403E-01    7.8181297240E-01    1.0435791813E+00    1.2257477170E+01    1.5856922775E-02   -5.2238271646E-02    1.8089094702E-01    5.6549657089E+00
    2.5075579939E+00    9.8966082155E-01    8.2606037852E-01    1.0457467165E+00    1.2206261252E+01    1.8320593242E-02   -5.0188077767E-02    1.7808897974E-01    5.6453696826E+00
    2.4121137501E+00    1.0059379565E+00    8.7419918023E-01    1.0480280116E+00    1.2153653964E+01    2.0043605069E-02   -4.5344271200E-02    1.9058157658E-01    5.6371645655E+00
    2.3147269031E+00    1.0212076798E+00    9.2663229053E-01    1.0505393795E+00    1.2096623077E+01    2.0742782189E-02   -3.6692278739E-02    2.1136662931E-01    5.6303629226E+00
    2.2160125533E+00    1.0350803763E+00    9.8343089893E-01    1.0533338061E+00    1.2033532679E+01    2.0535505814E-02   -2.4840798850E-02    2.3806582607E-01    5.6249578050E+00
    2.1166735716E+00    1.0469501148E+00    1.0443755751E+00    1.0564732561E+00    1.1962829289E+01    2.0236840447E-02   -1.1767216945E-02    2.7103260988E-01    5.6209255461E+00
    2.0174017809E+00    1.0561465899E+00    1.1090709364E+00    1.0600326624E+00    1.1883096336E+01    2.1180998728E-02    8.8699452674E-05    3.0739986892E-01    5.6182359094E+00
    1.9185305277E+00    1.0619604246E+00    1.1770393781E+00    1.0640128108E+00    1.1794794237E+01    2.4568472941E-02    8.8878989954E-03    3.3630599388E-01    5.6168658298E+00
    1.8197411173E+00    1.0635686494E+00    1.2477405290E+00    1.0682180158E+00    1.1702510692E+01    3.0657817749E-02    1.4087572765E-02    3.3946545325E-01    5.6168098868E+00
    1.7201013672E+00    1.0599860154E+00    1.3205465651E+00    1.0721945418E+00    1.1615925866E+01    3.8269283848E-02    1.6492261946E-02    2.9809349586E-01    5.6180814594E+00
    1.6185124076E+00    1.0501753545E+00    1.3947708925E+00    1.0753041310E+00    1.1548211705E+01    4.4957785873E-02    1.7734613344E-02    2.0375170397E-01    5.6207027045E+00
    1.5143928301E+00    1.0333550929E+00    1.4698398308E+00    1.0769361219E+00    1.1511901650E+01    4.7881271440E-02    1.9511350384E-02    6.7587456298E-02    5.6246867262E+00
    1.4082598931E+00    1.0093851049E+00    1.5455910720E+00    1.0767769198E+00    1.1513710191E+01    4.5012655838E-02    2.2942571887E-02   -7.8471872731E-02    5.6300187581E+00
    1.3018745879E+00    9.7899382404E-01    1.6225364161E+00    1.0750038621E+00    1.1550579469E+01    3.6140882345E-02    2.8286503799E-02   -1.9164646225E-01    5.6366432780E+00
    1.1978286353E+00    9.4364049924E-01    1.7018615270E+00    1.0722885637E+00    1.1609017997E+01    2.3182022741E-02    3.5036966093E-02   -2.3596494666E-01    5.6444614174E+00
    1.0987580146E+00    9.0500262153E-01    1.7850378171E+00    1.0695816028E+00    1.1668734698E+01    9.6101980278E-03    4.2269878365E-02   -1.9917739305E-01    5.6533396463E+00
    1.0065698467E+00    8.6431420037E-01    1.8731482748E+00    1.0677615225E+00    1.1709832526E+01   -8.1288176990E-04    4.9054349360E-02   -1.0008571618E-01    5.6631276330E+00
    9.2203432664E-01    8.2188249666E-01    1.9662258226E+00    1.0673036507E+00    1.1720747063E+01   -5.5070744038E-03    5.4776582953E-02    1.8175797596E-02    5.6736802676E+00
    8.4486646349E-01    7.7701227543E-01    2.0629374168E+00    1.0681168244E+00    1.1702947427E+01   -4.1002978560E-03    5.9268130165E-02    1.0637381279E-01    5.6848765775E+00
    7.7417005414E-01    7.2834854731E-01    2.1608061797E+00    1.0696140681E+00    1.1669722804E+01    1.4621044988E-03    6.2693946680E-02    1.3018185918E-01    5.6966286142E+00
    7.0898318925E-01    6.7445231713E-01    2.2569300529E+00    1.0709738081E+00    1.1639797310E+01    7.7644650313E-03    6.5292153007E-02    8.3675234307E-02    5.7088776218E+00
    6.4869014419E-01    6.1434679485E-01    2.3489352136E+00    1.0714705014E+00    1.1629318535E+01    1.1313357117E-02    6.7168844257E-02   -1.0516571301E-02    5.7215807899E+00
    5.9318870038E-01    5.4782566130E-01    2.4357797553E+00    1.0707402629E+00    1.1645902414E+01    9.8736918867E-03    6.8282717686E-02   -1.1300900056E-01    5.7346955785E+00
    5.4283038663E-01    4.7544934234E-01    2.5180595915E+00    1.0688899060E+00    1.1686630570E+01    3.2502855409E-03    6.8572917667E-02   -1.8484886860E-01    5.7481681216E+00
    4.9822303086E-01    3.9829584412E-01    2.5976713224E+00    1.0664262537E+00    1.1740033811E+01   -6.7301667094E-03    6.8099712271E-02   -2.0235479752E-01    5.7619289753E+00
    4.5999583235E-01    3.1761736507E-01    2.6769716923E+00    1.0640488544E+00    1.1790885812E+01   -1.6990207281E-02    6.7124823967E-02   -1.6392161625E-01    5.7758957935E+00
    4.2860393594E-01    2.3455405341E-01    2.7577994499E+00    1.0623950819E+00    1.1825833775E+01   -2.4403813600E-02    6.6120711300E-02   -8.7039348306E-02    5.7899798358E+00
    4.0421657202E-01    1.4998466870E-01    2.8407707494E+00    1.0618373303E+00    1.1837603360E+01   -2.6931280639E-02    6.5691876838E-02    1.7389611597E-03    5.8040922691E+00
    3.8670179998E-01    6.4501694262E-02    2.9251056441E+00    1.0624016401E+00    1.1826240253E+01   -2.4220145157E-02    6.6391397372E-02    7.8138270130E-02    5.8181473678E+00
    3.7569524093E-01   -2.1554841047E-02    3.0089827743E+00    1.0638186175E+00    1.1797463060E+01   -1.7465884394E-02    6.8489062282E-02    1.2744107777E-01    5.8320624014E+00
    3.7072086860E-01   -1.0805784661E-01    3.0901902573E+00    1.0656609293E+00    1.1759612897E+01   -8.6810463070E-03    7.1830019275E-02    1.4566411373E-01    5.8457564472E+00
    3.7131991668E-01   -1.9504926143E-01    3.1667552201E+00    1.0674959629E+00    1.1720911711E+01    2.2896065666E-04    7.5905289217E-02    1.3634535394E-01    5.8591507402E+00
    3.7714217359E-01   -2.8265993220E-01    3.2373167223E+00    1.0689954480E+00    1.1687904094E+01    8.1616086414E-03    8.0124662271E-02    1.0646280077E-01    5.8721711545E+00
    3.8796782832E-01   -3.7098040871E-01    3.3011925223E+00    1.0699807135E+00    1.1664924263E+01    1.5031552374E-02    8.4136160827E-02    6.4156851864E-02    5.8847507418E+00
    4.0365743502E-01   -4.5992122066E-01    3.3582580697E+00    1.0704169616E+00    1.1653943121E+01    2.1493242886E-02    8.7989150894E-02    1.8562889573E-02    5.8968293019E+00
    4.2406083117E-01   -5.4913426530E-01    3.4088049897E+00    1.0703839837E+00    1.1654364173E+01    2.8370398932E-02    9.2028740929E-02   -1.9987218606E-02    5.9083488280E+00
    4.4893541524E-01   -6.3804839475E-01    3.4534668917E+00    1.0700427966E+00    1.1662905544E+01    3.6093169711E-02    9.6576748189E-02   -4.1505085477E-02    5.9192471707E+00
    4.7791702661E-01   -7.2600928357E-01    3.4931607881E+00    1.0695990467E+00    1.1674145667E+01    4.4410895479E-02    1.0159292731E-01   -4.0253521167E-02    5.9294547631E+00
    5.1055371748E-01   -8.1244300092E-01    3.5289033455E+00    1.0692512832E+00    1.1682228943E+01    5.2497295357E-02    1.0654124481E-01   -1.9304352277E-02    5.9388984754E+00
    5.4637113810E-01   -8.9693271452E-01    3.5614105358E+00    1.0691178815E+00    1.1683532915E+01    5.9367211979E-02    1.1058701122E-01    7.6295771867E-03    5.9475123600E+00
    5.8491649320E-01   -9.7914326974E-01    3.5905736398E+00    1.0691597450E+00    1.1679169140E+01    6.4376807733E-02    1.1305958195E-01    1.9793088159E-02    5.9552495665E+00
    6.2574701895E-01   -1.0586363223E+00    3.6151036649E+00    1.0691396180E+00    1.1675790409E+01    6.7545196601E-02    1.1393310755E-01   -2.0009269019E-03    5.9620870526E+00
    6.6837848224E-01   -1.1347193231E+00    3.6326799924E+00    1.0686603952E+00    1.1683830168E+01    6.9530160260E-02    1.1402327842E-01   -6.5479461214E-02    5.9680175113E+00
    7.1225281634E-01   -1.2064895270E+00    3.6407641007E+00    1.0672977849E+00    1.1713570676E+01    7.1276229603E-02    1.1471923327E-01   -1.6051022765E-01    5.9730298170E+00
    7.5678579847E-01   -1.2731422907E+00    3.6379069122E+00    1.0647973902E+00    1.1770439181E+01    7.3540047864E-02    1.1730887683E-01   -2.5967179903E-01    5.9770860696E+00
    8.0150217382E-01   -1.3344360325E+00    3.6250034265E+00    1.0612575788E+00    1.1851354902E+01    7.6560319302E-02    1.2220009940E-01   -3.2716484990E-01    5.9801066143E+00
    8.4617646504E-01   -1.3910213255E+00    3.6057141091E+00    1.0571890277E+00    1.1944033510E+01    8.0008241733E-02    1.2847215466E-01   -3.3455130269E-01    5.9819731734E+00
    8.9083510261E-01   -1.4442919706E+00    3.5854477382E+00    1.0533652568E+00    1.2030724112E+01    8.3141490033E-02    1.3410752440E-01   -2.7728579773E-01    5.9825539888E+00
    9.3552457472E-01   -1.4956410498E+00    3.5690390144E+00    1.0504819450E+00    1.2096006892E+01    8.5004584418E-02    1.3691713730E-01   -1.8210257860E-01    5.9817438307E+00
    9.7992403673E-01   -1.5454405967E+00    3.5582068221E+00    1.0487838681E+00    1.2135152092E+01    8.4625581491E-02    1.3570532414E-01   -9.7642376640E-02    5.9795002683E+00
    1.0230534414E+00   -1.5923775079E+00    3.5502780975E+00    1.0478823121E+00    1.2157809384E+01    8.1254825882E-02    1.3096264563E-01   -7.1114579800E-02    5.9758551845E+00
    1.0633337225E+00   -1.6336626325E+00    3.5390675097E+00    1.0468948169E+00    1.2184178595E+01    7.4622775969E-02    1.2463428099E-01   -1.2403644955E-01    5.9708928247E+00
    1.0990659367E+00   -1.6661398398E+00    3.5176119289E+00    1.0448537388E+00    1.2235652184E+01    6.5101629321E-02    1.1913243228E-01   -2.4031782392E-01    5.9647048876E+00
    1.1291420128E+00   -1.6877990413E+00    3.4814712807E+00    1.0411869985E+00    1.2324691369E+01    5.3703605950E-02    1.1619512601E-01   -3.7183257887E-01    5.9573449514E+00
    1.1536237066E+00   -1.6989219205E+00    3.4309817950E+00    1.0360408300E+00    1.2448176125E+01    4.1942908737E-02    1.1615102428E-01   -4.5884320197E-01    5.9488034844E+00
    1.1738128440E+00   -1.7021681839E+00    3.3712351999E+00    1.0302729238E+00    1.2587034447E+01    3.1557190121E-02    1.1784756641E-01   -4.5815541455E-01    5.9390156017E+00
    1.1916337466E+00   -1.7013632667E+00    3.3095675068E+00    1.0250731810E+00    1.2713667787E+01    2.3999503213E-02    1.1923748401E-01   -3.6765949437E-01    5.9279007875E+00
    1.2085370478E+00   -1.6994721121E+00    3.2516823121E+00    1.0213560993E+00    1.2805673716E+01    1.9741632235E-02    1.1840869807E-01   -2.3277897087E-01    5.9154177356E+00
    1.2245249373E+00   -1.6968740559E+00    3.1985217905E+00    1.0192412991E+00    1.2859111932E+01    1.7784659860E-02    1.1458597363E-01   -1.2600265315E-01    5.9016043207E+00
    1.2379623857E+00   -1.6910602046E+00    3.1457931307E+00    1.0179465377E+00    1.2892225525E+01    1.5893027182E-02    1.0852492006E-01   -1.0789506464E-01    5.8865762616E+00
    1.2464133560E+00   -1.6780713644E+00    3.0865230547E+00    1.0161893247E+00    1.2936210004E+01    1.1611816582E-02    1.0206210817E-01   -1.9281803927E-01    5.8704826375E+00
    1.2480939263E+00   -1.6549073825E+00    3.0151731516E+00    1.0128842477E+00    1.3018577377E+01    3.5232417917E-03    9.7152544516E-02   -3.3900773704E-01    5.8534436740E+00
    1.2431430198E+00   -1.6215617238E+00    2.9310089806E+00    1.0077670538E+00    1.3147946573E+01   -7.9059914917E-03    9.4949966380E-02   -4.6652094755E-01    5.8355046293E+00
    1.2339968955E+00   -1.5815717889E+00    2.8389603527E+00    1.0016318119E+00    1.3306624850E+01   -2.0230529125E-02    9.5296216301E-02   -4.9463753643E-01    5.8166292199E+00
    1.2245818882E+00   -1.5407355892E+00    2.7475478466E+00    9.9603650813E-01    1.3455006381E+01   -2.9809683583E-02    9.6773894210E-02   -3.8488310211E-01    5.7967386789E+00
    1.2186062843E+00   -1.5045382293E+00    2.6648811759E+00    9.9255611190E-01    1.3549423027E+01   -3.3439121731E-02    9.7368205324E-02   -1.6944460747E-01    5.7757819121E+00
    1.2177710315E+00   -1.4755754525E+00    2.5947958449E+00    9.9192747328E-01    1.3567114493E+01   -3.0247397257E-02    9.5517572101E-02    5.7694955320E-02    5.7538000010E+00
    1.2209196938E+00   -1.4524354630E+00    2.5352950371E+00    9.9358784865E-01    1.3521978690E+01   -2.2588570810E-02    9.0924043262E-02    1.9005333616E-01    5.7309424326E+00
    1.2246741642E+00   -1.4307058061E+00    2.4801371396E+00    9.9591799429E-01    1.3458186302E+01   -1.5074031123E-02    8.4537569735E-02    1.6722046288E-01    5.7074219947E+00
    1.2251744386E+00   -1.4054248286E+00    2.4224052214E+00    9.9703405561E-01    1.3427006654E+01   -1.2381319648E-02    7.7806933272E-02    3.6673594967E-03    5.6834397644E+00
    1.2199339793E+00   -1.3735246893E+00    2.3578935949E+00    9.9566193704E-01    1.3463185863E+01   -1.7252543329E-02    7.1824065764E-02   -2.2286856299E-01    5.6591268686E+00
    1.2089245513E+00   -1.3350930942E+00    2.2867134460E+00    9.9168370930E-01    1.3571355706E+01   -2.9479545824E-02    6.6872524397E-02   -4.0840913670E-01    5.6345292525E+00
    1.1945021004E+00   -1.2930731800E+00    2.2127359655E+00    9.8616929033E-01    1.3724299656E+01   -4.5929432298E-02    6.2501879940E-02   -4.6748687935E-01    5.6096353013E+00
    1.1802782088E+00   -1.2517087030E+00    2.1414334665E+00    9.8089884703E-01    1.3873133679E+01   -6.1581140473E-02    5.7986927023E-02   -3.7148915064E-01    5.5844304387E+00
    1.1694401731E+00   -1.2144950705E+00    2.0772058594E+00    9.7755538501E-01    1.3968642477E+01   -7.1530299358E-02    5.2892543500E-02   -1.6404772218E-01    5.5589529005E+00
    1.1633119249E+00   -1.1826296894E+00    2.0214791644E+00    9.7695192384E-01    1.3985718752E+01   -7.3280514560E-02    4.7395788384E-02    6.0306448385E-02    5.5333203174E+00
    1.1609016112E+00   -1.1547500457E+00    1.9724986585E+00    9.7870387547E-01    1.3935523932E+01   -6.7942322119E-02    4.2154780398E-02    2.0632011972E-01    5.5077098718E+00
    1.1596379291E+00   -1.1280035203E+00    1.9267434062E+00    9.8151253716E-01    1.3856564675E+01   -5.9487838595E-02    3.7871241537E-02    2.2514287024E-01    5.4823056786E+00
    1.1567935922E+00   -1.0997037272E+00    1.8809428284E+00    9.8384861170E-01    1.3792609840E+01   -5.2666171310E-02    3.4903999340E-02    1.3080414936E-01    5.4572485407E+00
    1.1507972650E+00   -1.0686419007E+00    1.8335697150E+00    9.8464562018E-01    1.3772534183E+01   -5.0898676080E-02    3.3140078678E-02   -1.5406316503E-02    5.4326149981E+00
    1.1418558086E+00   -1.0355299885E+00    1.7852824596E+00    9.8370361762E-01    1.3800569133E+01   -5.5031914901E-02    3.2093163636E-02   -1.3711101556E-01    5.4084288109E+00
    1.1317337069E+00   -1.0025741767E+00    1.7384125002E+00    9.8169060874E-01    1.3857475610E+01   -6.3211866938E-02    3.1109703672E-02   -1.7580810141E-01    5.3846918718E+00
    1.1228991386E+00   -9.7250673449E-01    1.6958963722E+00    9.7978773387E-01    1.3910279752E+01   -7.1840560210E-02    2.9569780286E-02   -1.1327570239E-01    5.3614179261E+00
    1.1174627462E+00   -9.4752753437E-01    1.6601136036E+00    9.7914373939E-01    1.3927071999E+01   -7.7285482138E-02    2.7006452386E-02    2.4042958702E-02    5.3386554602E+00
    1.1163751780E+00   -9.2856947472E-01    1.6320365457E+00    9.8037580506E-01    1.3891092813E+01   -7.7594905309E-02    2.3140727877E-02    1.7961159323E-01    5.3164925846E+00
    1.1191887803E+00   -9.1511482436E-01    1.6109380334E+00    9.8332940427E-01    1.3807495944E+01   -7.3335955166E-02    1.7893097218E-02    2.9242504883E-01    5.2950457024E+00
    1.1244035684E+00   -9.0553404521E-01    1.5946787827E+00    9.8717981297E-01    1.3699862039E+01   -6.7168379680E-02    1.1407839693E-02    3.2132003629E-01    5.2744408784E+00
    1.1301809051E+00   -8.9774477988E-01    1.5804141157E+00    9.9079906579E-01    1.3599357512E+01   -6.2525487608E-02    4.0543373414E-03    2.5916312136E-01    5.2547973368E+00
    1.1351356480E+00   -8.8995648649E-01    1.5654745831E+00    9.9321991828E-01    1.3532214271E+01   -6.2128259494E-02   -3.6444700865E-03    1.3460470835E-01    5.2362180033E+00
    1.1389642546E+00   -8.8129446287E-01    1.5481487678E+00    9.9402453649E-01    1.3509918320E+01   -6.6893818269E-02   -1.1160751261E-02    2.4390775979E-03    5.2187879772E+00
    1.1427247335E+00   -8.7210979519E-01    1.5281004868E+00    9.9352744664E-01    1.3524376009E+01   -7.5520097040E-02   -1.8146950568E-02   -7.5760166371E-02    5.2025802597E+00
    1.1486370853E+00   -8.6382080477E-01    1.5062376482E+00    9.9267918905E-01    1.3549617600E+01   -8.4891578801E-02   -2.4580364251E-02   -5.6645452734E-02    5.1876668205E+00
    1.1593924427E+00   -8.5827922798E-01    1.4840617033E+00    9.9270167668E-01    1.3551054821E+01   -9.1281968431E-02   -3.0769646986E-02    6.3823376138E-02    5.1741306977E+00
    1.1771726254E+00   -8.5689151976E-01    1.4627960732E+00    9.9458639634E-01    1.3500262975E+01   -9.1930816748E-02   -3.7192928262E-02    2.4581055728E-01    5.1620729681E+00
    1.2027745399E+00   -8.5989322049E-01    1.4427276620E+00    9.9868203317E-01    1.3388303990E+01   -8.6209024443E-02   -4.4283222439E-02    4.2330673677E-01    5.1516101780E+00
    1.2352333302E+00   -8.6610880381E-01    1.4230523847E+00    1.0045708128E+00    1.3229392343E+01   -7.5768847488E-02   -5.2306809495E-02    5.3503307326E-01    5.1428637532E+00
    1.2721107025E+00   -8.7325985732E-01    1.4021954261E+00    1.0112738429E+00    1.3052889753E+01   -6.3744097904E-02   -6.1330679135E-02    5.5045816607E-01    5.1359485568E+00
    1.3103262215E+00   -8.7862900694E-01    1.3783520038E+00    1.0176594616E+00    1.2889555782E+01   -5.3531244930E-02   -7.1185106605E-02    4.7871207164E-01    5.1309675205E+00
    1.3472336439E+00   -8.7980204449E-01    1.3499933422E+00    1.0228715459E+00    1.2759792383E+01   -4.7589903197E-02   -8.1398746148E-02    3.6061640504E-01    5.1280132545E+00
    1.3815838233E+00   -8.7524454285E-01    1.3161920572E+00    1.0266307570E+00    1.2667856289E+01   -4.6483322971E-02   -9.1145540033E-02    2.5078003706E-01    5.1271714520E+00
    1.4140124340E+00   -8.6453076746E-01    1.2767180866E+00    1.0293171122E+00    1.2602272636E+01   -4.8442085392E-02   -9.9248532048E-02    1.9705783063E-01    5.1285192041E+00
    1.4468095086E+00   -8.4816035205E-01    1.2319420148E+00    1.0318042113E+00    1.2541211572E+01   -4.9824320525E-02   -1.0433071304E-01    2.2396582341E-01    5.1321141558E+00
    1.4830333831E+00   -8.2708907428E-01    1.1826568807E+00    1.0351056263E+00    1.2460947033E+01   -4.6525639355E-02   -1.0521300887E-01    3.2551344131E-01    5.1379760280E+00
    1.5253477675E+00   -8.0222680565E-01    1.1299223173E+00    1.0399786641E+00    1.2344671913E+01   -3.5775379790E-02   -1.0147394113E-01    4.6909636225E-01    5.1460682443E+00
    1.5750315730E+00   -7.7410199195E-01    1.0749489936E+00    1.0466432085E+00    1.2188587548E+01   -1.7410599175E-02   -9.3840254099E-02    6.0748159489E-01    5.1562905295E+00
    1.6314579013E+00   -7.4275220578E-01    1.0189890881E+00    1.0547080692E+00    1.2003101442E+01    6.0242654127E-03   -8.4113196626E-02    6.9432545664E-01    5.1684896629E+00
    1.6921699206E+00   -7.0781386676E-01    9.6322444119E-01    1.0633102837E+00    1.1808893135E+01    3.0347220034E-02   -7.4652585968E-02    6.9920672136E-01    5.1824863767E+00
    1.7535504561E+00   -6.6874105794E-01    9.0867517608E-01    1.0714053942E+00    1.1629650783E+01    5.1381692211E-02   -6.7673946442E-02    6.1803072937E-01    5.1981083776E+00
    1.8119050276E+00   -6.2503624372E-01    8.5614551204E-01    1.0781054525E+00    1.1484405648E+01    6.6400009111E-02   -6.4585567442E-02    4.7486646812E-01    5.2152178112E+00
    1.8645864425E+00   -5.7637022758E-01    8.0621459994E-01    1.0829514373E+00    1.1382030444E+01    7.4840961808E-02   -6.5499218462E-02    3.1383953812E-01    5.2337250523E+00
    1.9107376842E+00   -5.2255029357E-01    7.5928544228E-01    1.0860347688E+00    1.1319214382E+01    7.8184541211E-02   -6.9064486727E-02    1.8370643161E-01    5.2535854566E+00
    1.9513938400E+00   -4.6340941636E-01    7.1569772084E-01    1.0879383207E+00    1.1282108904E+01    7.9187180644E-02   -7.2789099385E-02    1.2083206106E-01    5.2747797866E+00
    1.9889582315E+00   -3.9873667207E-01    6.7587482714E-01    1.0895257861E+00    1.1251117805E+01    8.0824163281E-02   -7.3845717416E-02    1.3698034403E-01    5.2972831734E+00
    2.0262832342E+00   -3.2831826279E-01    6.4043841346E-01    1.0916515695E+00    1.1207542117E+01    8.5298369222E-02   -7.0087865235E-02    2.1649493781E-01    5.3210319232E+00
    2.0656744045E+00   -2.5207176493E-01    6.1022646046E-01    1.0948876043E+00    1.1139836860E+01    9.3422838719E-02   -6.0833040514E-02    3.2386174507E-01    5.3458999359E+00
    2.1081305253E+00   -1.7020601364E-01    5.8619841729E-01    1.0993618266E+00    1.1046895588E+01    1.0456190241E-01   -4.7068827671E-02    4.1837110027E-01    5.3716939291E+00
    2.1530572783E+00   -8.3336490932E-02    5.6926826670E-01    1.1047639247E+00    1.0936971859E+01    1.1709724624E-01   -3.1035394790E-02    4.6943179495E-01    5.3981689769E+00
    2.1985401792E+00    7.4987100800E-03    5.6013603513E-01    1.1105054003E+00    1.0823122495E+01    1.2916138910E-01   -1.5429040452E-02    4.6609020453E-01    5.4250573564E+00
    2.2420550874E+00    1.0095566679E-01    5.5918223700E-01    1.1159578035E+00    1.0717708122E+01    1.3930590291E-01   -2.5788944330E-03    4.1755397617E-01    5.4520994739E+00
    2.2813118720E+00    1.9562275826E-01    5.6646176250E-01    1.1206682711E+00    1.0628429113E+01    1.4687779602E-01    6.1393881589E-03    3.4576656989E-01    5.4790671215E+00
    2.3148649426E+00    2.9030084544E-01    5.8179454431E-01    1.1244715814E+00    1.0557111665E+01    1.5205122317E-01    1.0545169387E-02    2.7420580305E-01    5.5057740217E+00
    2.3422405617E+00    3.8419866111E-01    6.0490870743E-01    1.1274689949E+00    1.0501044037E+01    1.5558913289E-01    1.1551111691E-02    2.1822981120E-01    5.5320735190E+00
    2.3635890809E+00    4.7694211212E-01    6.3556648122E-01    1.1299041975E+00    1.0455693803E+01    1.5846457769E-01    1.0777361903E-02    1.8106797266E-01    5.5578469154E+00
    2.3791249167E+00    5.6839674599E-01    6.7361405499E-01    1.1320089675E+00    1.0417312551E+01    1.6147933525E-01    9.9993610022E-03    1.5630208945E-01    5.5829879519E+00
    2.3887065410E+00    6.5841220240E-01    7.1894272967E-01    1.1338951030E+00    1.0384289341E+01    1.6499750171E-01    1.0605982062E-02    1.3426609675E-01    5.6073891048E+00
    2.3917879510E+00    7.4663830090E-01    7.7140062126E-01    1.1355353312E+00    1.0356940355E+01    1.6886771934E-01    1.3244187355E-02    1.0836497752E-01    5.6309337301E+00
    2.3877370516E+00    8.3251148053E-01    8.3071819822E-01    1.1368264694E+00    1.0336243640E+01    1.7254521518E-01    1.7746731061E-02    7.8305663839E-02    5.6534954127E+00
    2.3763075717E+00    9.1540497597E-01    8.9649433512E-01    1.1376891393E+00    1.0322423663E+01    1.7535893153E-01    2.3332348417E-02    4.9331800456E-02    5.6749432975E+00
    2.3579710741E+00    9.9483867412E-01    9.6824453628E-01    1.1381450986E+00    1.0314192272E+01    1.7681916639E-01    2.8983950113E-02    2.8417155212E-02    5.6951504837E+00
    2.3338961416E+00    1.0706080362E+00    1.0454681358E+00    1.1383285622E+00    1.0309031763E+01    1.7684531552E-01    3.3859483682E-02    1.9523763399E-02    5.7140019811E+00
    2.3055578885E+00    1.1427367540E+00    1.1276750343E+00    1.1384239664E+00    1.0304371344E+01    1.7582125207E-01    3.7579303583E-02    2.0376095568E-02    5.7313991776E+00
    2.2741652911E+00    1.2112617688E+00    1.2143375062E+00    1.1385628176E+00    1.0299042926E+01    1.7445055628E-01    4.0284446053E-02    2.2571263801E-02    5.7472592102E+00
    2.2401956782E+00    1.2759640173E+00    1.3047859353E+00    1.1387366688E+00    1.0294202602E+01    1.7346398549E-01    4.2464974286E-02    1.5255790839E-02    5.7615097739E+00
    2.2032776122E+00    1.3362055311E+00    1.3981171808E+00    1.1387784684E+00    1.0293127175E+01    1.7329914075E-01    4.4659700191E-02   -9.3226477421E-03    5.7740819888E+00
    2.1624958377E+00    1.3909946546E+00    1.4931982563E+00    1.1384311950E+00    1.0299873895E+01    1.7389635316E-01    4.7172387071E-02   -5.1293194735E-02    5.7849049647E+00
    2.1169804544E+00    1.4392849116E+00    1.5888064904E+00    1.1374753464E+00    1.0317417386E+01    1.7471184140E-01    4.9931940470E-02   -1.0229484855E-01    5.7939050701E+00
    2.0664834005E+00    1.4803693472E+00    1.6838593226E+00    1.1358493835E+00    1.0346192657E+01    1.7494371762E-01    5.2565989414E-02   -1.4909713894E-01    5.8010109163E+00
    2.0116344961E+00    1.5141463680E+00    1.7776010941E+00    1.1336936809E+00    1.0383809303E+01    1.7385196649E-01    5.4661971924E-02   -1.8007219232E-01    5.8061626205E+00
    1.9537402414E+00    1.5410808994E+00    1.8696012683E+00    1.1312870869E+00    1.0426144383E+01    1.7101014566E-01    5.6079186921E-02   -1.9113182948E-01    5.8093219979E+00
    1.8942504755E+00    1.5618583113E+00    1.9595139355E+00    1.1289063163E+00    1.0469325848E+01    1.6638723540E-01    5.7125344142E-02   -1.8788058270E-01    5.8104796643E+00
    1.8341980933E+00    1.5769170686E+00    2.0467028895E+00    1.1266838557E+00    1.0511627327E+01    1.6026767120E-01    5.8482916730E-02   -1.8277207734E-01    5.8096559731E+00
    1.7739042896E+00    1.5861220165E+00    2.1299459510E+00    1.1245415824E+00    1.0554293434E+01    1.5309006131E-01    6.0918118119E-02   -1.8873299366E-01    5.8068950593E+00
    1.7130698758E+00    1.5887608479E+00    2.2074185571E+00    1.1222363182E+00    1.0600845243E+01    1.4529342201E-01    6.4918643175E-02   -2.1250024262E-01    5.8022541101E+00
    1.6511620812E+00    1.5838667521E+00    2.2770184362E+00    1.1194946081E+00    1.0655198975E+01    1.3723436004E-01    7.0429909175E-02   -2.5102544009E-01    5.7957919827E+00
    1.5878650111E+00    1.5706906513E+00    2.3369003830E+00    1.1161667578E+00    1.0719536346E+01    1.2919793183E-01    7.6811326061E-02   -2.9284046347E-01    5.7875615101E+00
    1.5233490637E+00    1.5490626538E+00    2.3859512904E+00    1.1123173310E+00    1.0793001897E+01    1.2146624354E-01    8.3044230961E-02   -3.2387615120E-01    5.7776082149E+00
    1.4582334918E+00    1.5194493481E+00    2.4239491573E+00    1.1081999849E+00    1.0871930855E+01    1.1435755551E-01    8.8113985215E-02   -3.3488519313E-01    5.7659754611E+00
    1.3933036796E+00    1.4827018887E+00    2.4513303641E+00    1.1041267150E+00    1.0951580722E+01    1.0816208316E-01    9.1403096315E-02   -3.2652623723E-01    5.7527133505E+00
    1.3291878663E+00    1.4396824133E+00    2.4687311934E+00    1.1003027658E+00    1.1028530101E+01    1.0299522249E-01    9.2923735916E-02   -3.0910952381E-01    5.7378869562E+00
    1.2662068307E+00    1.3910238918E+00    2.4766099656E+00    1.0967225111E+00    1.1102415091E+01    9.8688758918E-02    9.3292260228E-02   -2.9674013525E-01    5.7215796462E+00
    1.2044836013E+00    1.3371759465E+00    2.4751949773E+00    1.0931916187E+00    1.1175883793E+01    9.4844796631E-02    9.3455595829E-02   -2.9877905988E-01    5.7038894844E+00
    1.1442237103E+00    1.2786858360E+00    2.4647764383E+00    1.0894702971E+00    1.1252592997E+01    9.1070171635E-02    9.4273142845E-02   -3.1341282018E-01    5.6849201079E+00
    1.0859613199E+00    1.2164928663E+00    2.4461142218E+00    1.0854588536E+00    1.1334251045E+01    8.7274735523E-02    9.6118559496E-02   -3.2744676979E-01    5.6647702403E+00
    1.0305855426E+00    1.1519919357E+00    2.4206350240E+00    1.0813132332E+00    1.1418424073E+01    8.3849567759E-02    9.8674300328E-02   -3.2327644933E-01    5.6435265724E+00
    9.7910327280E-01    1.0867703891E+00    2.3902200180E+00    1.0774092296E+00    1.1498641387E+01    8.1573816872E-02    1.0102722022E-01   -2.8984899082E-01    5.6212628528E+00
    9.3226531666E-01    1.0221445376E+00    2.3566570560E+00    1.0741574151E+00    1.1567256452E+01    8.1217801524E-02    1.0204907882E-01   -2.3154241681E-01    5.5980447696E+00
    8.9026935576E-01    9.5876643112E-01    2.3210658484E+00    1.0717610510E+00    1.1619902179E+01    8.2987361572E-02    1.0091720634E-01   -1.6916668882E-01    5.5739373187E+00
    8.5270835372E-01    8.9654327260E-01    2.2836454857E+00    1.0700530550E+00    1.1659061897E+01    8.6117484140E-02    9.7556225523E-02   -1.3123909713E-01    5.5490105021E+00
    8.1879480853E-01    8.3493331951E-01    2.2439152178E+00    1.0685154985E+00    1.1694370840E+01    8.8931627053E-02    9.2794684619E-02   -1.3951945096E-01    5.5233409621E+00
    7.8774225625E-01    7.7346225663E-01    2.2013282244E+00    1.0664888121E+00    1.1739070300E+01    8.9446007926E-02    8.8139267666E-02   -1.9670276473E-01    5.4970102724E+00
    7.5910570325E-01    7.1217160066E-01    2.1559112922E+00    1.0634717735E+00    1.1804289653E+01    8.6242798379E-02    8.5236953894E-02   -2.8310274774E-01    5.4701027105E+00
    7.3291660926E-01    6.5174717722E-01    2.1085680977E+00    1.0593621717E+00    1.1893860898E+01    7.9151306317E-02    8.5235393300E-02   -3.6402297788E-01    5.4427050520E+00
    7.0957223486E-01    5.9325910388E-01    2.0608866774E+00    1.0545204144E+00    1.2001894834E+01    6.9405749746E-02    8.8291379045E-02   -4.0431684057E-01    5.4149088326E+00
    6.8956897244E-01    5.3765877767E-01    2.0145679036E+00    1.0496268602E+00    1.2114275589E+01    5.9230826245E-02    9.3416766407E-02   -3.8410402063E-01    5.3868131233E+00
    6.7322628780E-01    4.8530176278E-01    1.9707720753E+00    1.0453953314E+00    1.2214047586E+01    5.1008663172E-02    9.8741246860E-02   -3.0920897003E-01    5.3585244854E+00
    6.6052227882E-01    4.3575090575E-01    1.9297007829E+00    1.0422650525E+00    1.2288994633E+01    4.6290567340E-02    1.0214113502E-01   -2.1066737282E-01    5.3301515509E+00
    6.5109543169E-01    3.8798179759E-01    1.8906211358E+00    1.0402093349E+00    1.2337789372E+01    4.5051546180E-02    1.0202637769E-01   -1.3121356491E-01    5.3017952158E+00
    6.4439276028E-01    3.4091142675E-01    1.8523381718E+00    1.0387589258E+00    1.2370866991E+01    4.5636449496E-02    9.7949449548E-02   -1.0420592966E-01    5.2735399468E+00
    6.3987742373E-01    2.9398595755E-01    1.8138830713E+00    1.0372363353E+00    1.2405111044E+01    4.5529819308E-02    9.0742521671E-02   -1.3687518299E-01    5.2454530702E+00
    6.3718426758E-01    2.4751455079E-01    1.7750453177E+00    1.0350823549E+00    1.2455434031E+01    4.2519658822E-02    8.2140698199E-02   -2.0751384333E-01    5.2175949208E+00
    6.3616433542E-01    2.0257765549E-01    1.7364669038E+00    1.0321113166E+00    1.2527730528E+01    3.5603734019E-02    7.4115551104E-02   -2.7671095672E-01    5.1900363057E+00
    6.3685218745E-01    1.6057672981E-01    1.6992793794E+00    1.0285864748E+00    1.2616075223E+01    2.5318628362E-02    6.8220471070E-02   -3.0546631134E-01    5.1628753901E+00
    6.3942875814E-01    1.2266653964E-01    1.6644961561E+00    1.0251037445E+00    1.2704911175E+01    1.3568358425E-02    6.5157948062E-02   -2.7230204839E-01    5.1362451750E+00
    6.4419885790E-01    8.9337381953E-02    1.6324517928E+00    1.0223440623E+00    1.2775545377E+01    3.0732020506E-03    6.4659214565E-02   -1.8325313291E-01    5.1103047470E+00
    6.5152744183E-01    6.0315671338E-02    1.6025424436E+00    1.0207899896E+00    1.2814665196E+01   -3.5301484127E-03    6.5679493473E-02   -6.9971168059E-02    5.0852133020E+00
    6.6168018858E-01    3.4789560562E-02    1.5734133972E+00    1.0205144884E+00    1.2820813474E+01   -4.7323763352E-03    6.6831830494E-02    2.4784937634E-02    5.0610956339E+00
    6.7460005781E-01    1.1807873192E-02    1.5435446258E+00    1.0211298912E+00    1.2805117216E+01   -8.4233127409E-04    6.6897725404E-02    6.6979023262E-02    5.0380156814E+00
    6.8973650306E-01   -9.3774455332E-03    1.5119545352E+00    1.0219202770E+00    1.2786176925E+01    6.0781413569E-03    6.5215643764E-02    4.4659073170E-02    5.0159725256E+00
    7.0605146592E-01   -2.9192974449E-02    1.4786551789E+00    1.0220994481E+00    1.2782704801E+01    1.2967594766E-02    6.1809630253E-02   -3.1228405381E-02    4.9949208136E+00
    7.2224861088E-01   -4.7842330313E-02    1.4446561112E+00    1.0210887027E+00    1.2807677205E+01    1.6821418741E-02    5.7240980467E-02   -1.3486799142E-01    4.9748051853E+00
    7.3714530994E-01   -6.5460745687E-02    1.4115939112E+00    1.0187104155E+00    1.2865369230E+01    1.5670001174E-02    5.2270913834E-02   -2.3531028655E-01    4.9555945817E+00
    7.5000575623E-01   -8.2167275186E-02    1.3812289708E+00    1.0152327993E+00    1.2950828782E+01    9.1746027912E-03    4.7492595740E-02   -3.0422784996E-01    4.9373064612E+00
    7.6067189665E-01   -9.8005890838E-02    1.3550167833E+00    1.0112615658E+00    1.3051228193E+01   -1.3546695854E-03    4.3116740877E-02   -3.2202435175E-01    4.9200167886E+00
    7.6946332472E-01   -1.1290361253E-01    1.3338290111E+00    1.0075271934E+00    1.3149131010E+01   -1.3504459975E-02    3.9022488308E-02   -2.8348481007E-01    4.9038549091E+00
    7.7694096779E-01   -1.2675389717E-01    1.3178090290E+00    1.0046358684E+00    1.3227811565E+01   -2.4670468816E-02    3.5014738242E-02   -2.0201589410E-01    4.8889839154E+00
    7.8365740857E-01   -1.3958561592E-01    1.3063496255E+00    1.0028553345E+00    1.3277632132E+01   -3.3046638735E-02    3.1082882120E-02   -1.0840186340E-01    4.8755707472E+00
    7.8998299976E-01   -1.5166818203E-01    1.2982360524E+00    1.0020206200E+00    1.3300546931E+01   -3.8292611929E-02    2.7457834164E-02   -3.9834919765E-02    4.8637564421E+00
    7.9604741959E-01   -1.6346165710E-01    1.2920170647E+00    1.0016317788E+00    1.3309228472E+01   -4.1480492478E-02    2.4406293699E-02   -2.1143116027E-02    4.8536397493E+00
    8.0178945817E-01   -1.7549115947E-01    1.2865647587E+00    1.0011273799E+00    1.3319998899E+01   -4.4285521613E-02    2.1890064792E-02   -4.8842073199E-02    4.8452812997E+00
    8.0708785882E-01   -1.8830298311E-01    1.2815993687E+00    1.0002035803E+00    1.3343035287E+01   -4.7890837596E-02    1.9368410853E-02   -9.0097477214E-02    4.8387235720E+00
    8.1193719309E-01   -2.0253813872E-01    1.2778815430E+00    9.9901038684E-01    1.3375398249E+01   -5.2236807256E-02    1.5987093282E-02   -9.9734053180E-02    4.8340123221E+00
    8.1658578348E-01   -2.1897728250E-01    1.2769295649E+00    9.9811586663E-01    1.3401114218E+01   -5.6031378496E-02    1.1076590218E-02   -4.6564270076E-02    4.8312040351E+00
    8.2150656704E-01   -2.3838896638E-01    1.2803938534E+00    9.9824138061E-01    1.3399060523E+01   -5.7566709396E-02    4.5388843537E-03    6.6770340703E-02    4.8303524507E+00
    8.2714592312E-01   -2.6120115229E-01    1.2894107454E+00    9.9989469240E-01    1.3354743366E+01   -5.5890868238E-02   -3.2323926346E-03    2.0420184123E-01    4.8314820318E+00
    8.3359782021E-01   -2.8723138542E-01    1.3042276372E+00    1.0030999689E+00    1.3268651520E+01   -5.1542039997E-02   -1.1793115792E-02    3.1713758626E-01    4.8345681196E+00
    8.4047890294E-01   -3.1571136493E-01    1.3241813811E+00    1.0073694879E+00    1.3155885180E+01   -4.6354203963E-02   -2.0976817879E-02    3.7026351571E-01    4.8395409092E+00
    8.4715288615E-01   -3.4561124187E-01    1.3479154026E+00    1.0119079874E+00    1.3038463521E+01   -4.2550879577E-02   -3.0734042898E-02    3.5512271479E-01    4.8463130910E+00
    8.5318004979E-01   -3.7605508580E-01    1.3736869611E+00    1.0159204077E+00    1.2936203530E+01   -4.1710719024E-02   -4.0586560278E-02    2.8749120182E-01    4.8548144364E+00
    8.5870835534E-01   -4.0661786887E-01    1.3997073371E+00    1.0188837674E+00    1.2860775755E+01   -4.4072608987E-02   -4.9233806715E-02    1.9639171428E-01    4.8650142986E+00
    8.6458499410E-01   -4.3745037265E-01    1.4245502767E+00    1.0207017993E+00    1.2813735843E+01   -4.8401448963E-02   -5.4838065185E-02    1.1400630448E-01    4.8769226393E+00
    8.7216667093E-01   -4.6930964947E-01    1.4476472337E+00    1.0217210219E+00    1.2787051172E+01   -5.2415509396E-02   -5.6003725646E-02    6.9779703585E-02    4.8905712855E+00
    8.8298170596E-01   -5.0355643391E-01    1.4697284301E+00    1.0226216526E+00    1.2764979115E+01   -5.3612957804E-02   -5.2831351149E-02    8.5435674684E-02    4.9059835136E+00
    8.9842556968E-01   -5.4205751742E-01    1.4929126707E+00    1.0242121056E+00    1.2727695013E+01   -5.0241081088E-02   -4.7251692635E-02    1.6739679158E-01    4.9231422010E+00
    9.1957281770E-01   -5.8687229119E-01    1.5202244072E+00    1.0271746607E+00    1.2657321402E+01   -4.2030040740E-02   -4.2333464156E-02    2.9986423657E-01    4.9419672483E+00
    9.4707909915E-01   -6.3971090259E-01    1.5546345719E+00    1.0318366867E+00    1.2544917271E+01   -3.0283472939E-02   -4.0975980272E-02    4.4615818632E-01    4.9623116608E+00
    9.8109898849E-01   -7.0132509712E-01    1.5980065633E+00    1.0380441560E+00    1.2394892990E+01   -1.7298776964E-02   -4.4763938477E-02    5.6053593635E-01    4.9839799023E+00
    1.0211769623E+00   -7.7106835765E-01    1.6503467889E+00    1.0451755710E+00    1.2224236104E+01   -5.6122598986E-03   -5.3568485958E-02    6.0434701219E-01    5.0067626475E+00
    1.0661800320E+00   -8.4681651809E-01    1.7095831244E+00    1.0522896870E+00    1.2057065764E+01    2.4823147285E-03   -6.5926796891E-02    5.5922035254E-01    5.0304753054E+00
    1.1144502629E+00   -9.2535367004E-01    1.7719360071E+00    1.0583785371E+00    1.1917086691E+01    5.2465210270E-03   -7.9761784776E-02    4.3416528405E-01    5.0549882874E+00
    1.1643202423E+00   -1.0032204884E+00    1.8328551552E+00    1.0626781936E+00    1.1820405504E+01    1.9968424369E-03   -9.2971104579E-02    2.6540025606E-01    5.0802420106E+00
    1.2149089875E+00   -1.0778418498E+00    1.8883484077E+00    1.0649506513E+00    1.1770406719E+01   -6.2410975635E-03   -1.0375331258E-01    1.0692945909E-01    5.1062437378E+00
    1.2668335051E+00   -1.1485179880E+00    1.9362773464E+00    1.0656142055E+00    1.1756168777E+01   -1.6497145320E-02   -1.1084323344E-01    1.1554132760E-02    5.1330456510E+00
    1.3223696656E+00   -1.2167613993E+00    1.9770260010E+00    1.0656223620E+00    1.1755754390E+01   -2.4628053675E-02   -1.1378858253E-01    8.4880619532E-03    5.1607070570E+00
    1.3848350029E+00   -1.2856988247E+00    2.0131411732E+00    1.0661027016E+00    1.1744270054E+01   -2.6968995806E-02   -1.1312741388E-01    8.9928115408E-02    5.1892502718E+00
    1.4574266713E+00   -1.3587714001E+00    2.0480915616E+00    1.0679130155E+00    1.1703655215E+01   -2.1916303943E-02   -1.1022648740E-01    2.1603881023E-01    5.2186260565E+00
    1.5420708272E+00   -1.4383699076E+00    2.0847931142E+00    1.0713338082E+00    1.1629174134E+01   -1.0469928930E-02   -1.0678245532E-01    3.3534696143E-01    5.2487032220E+00
    1.6387868766E+00   -1.5250152820E+00    2.1245952716E+00    1.0760317742E+00    1.1529321918E+01    4.4241120897E-03   -1.0425382711E-01    4.0734740819E-01    5.2792858567E+00
    1.7457656000E+00   -1.6173326090E+00    2.1670573195E+00    1.0812720452E+00    1.1420156263E+01    1.9153448704E-02   -1.0347382724E-01    4.1575396815E-01    5.3101482907E+00
    1.8600690531E+00   -1.7126973374E+00    2.2104226388E+00    1.0862493671E+00    1.1317878642E+01    3.0693142937E-02   -1.0451181265E-01    3.6952908228E-01    5.3410722065E+00
    1.9786798407E+00   -1.8082282885E+00    2.2524611937E+00    1.0903915819E+00    1.1233117676E+01    3.7478528502E-02   -1.0675019537E-01    2.9490213026E-01    5.3718736179E+00
    2.0995193364E+00   -1.9017360976E+00    2.2912997207E+00    1.0935286342E+00    1.1168487918E+01    3.9741236556E-02   -1.0913947896E-01    2.2297645852E-01    5.4024141634E+00
    2.2220342521E+00   -1.9922739437E+00    2.3259306323E+00    1.0958820297E+00    1.1119444267E+01    3.9236814473E-02   -1.1057305533E-01    1.7748269296E-01    5.4325967254E+00
