     0.000000
  3.16674478651888E-02  2.53992749530644E-09  4.26069843314410E-08  3.14938145083408E-02  0.00000000000000E+00  0.00000000000000E+00  0.00000000000000E+00  0.00000000000000E+00
     0.100000
  3.06801823113839E-02  1.22087227251894E-03  1.86174029585663E-03  3.03183890093561E-02 -4.85818954088246E-20  0.00000000000000E+00  1.44797409520073E-03  0.00000000000000E+00
     0.200000
  2.91063028211449E-02  4.01350569007857E-03  5.55343624144696E-03  2.85383321536345E-02  1.06653351222917E-19  0.00000000000000E+00  2.60199680732350E-03  0.00000000000000E+00
     0.300000
  2.74671872277889E-02  7.07819479727736E-03  9.85994814058327E-03  2.69666891274403E-02 -5.16350181086527E-20  0.00000000000000E+00  3.51464138960847E-03  0.00000000000000E+00
     0.400000
  2.60586919711285E-02  9.71303860251739E-03  1.40429437859788E-02  2.60962864302927E-02 -7.42743473443918E-20  0.00000000000000E+00  4.26596890250016E-03  0.00000000000000E+00
     0.500000
  2.50528274605313E-02  1.13984929759395E-02  1.75281516836096E-02  2.62828853835329E-02  1.59713460407064E-19  0.00000000000000E+00  4.89479960362504E-03  0.00000000000000E+00
     0.600000
  2.44336803116336E-02  1.21925368608591E-02  2.04983090085591E-02  2.75403653473473E-02 -9.76425993946430E-20  0.00000000000000E+00  5.50001412156645E-03  0.00000000000000E+00
     0.700000
  2.40877009552893E-02  1.25645063244048E-02  2.27867537628973E-02  2.96819230978381E-02 -2.71613058152323E-19  0.00000000000000E+00  6.13221027579891E-03  0.00000000000000E+00
     0.800000
  2.38691192269510E-02  1.32323070145310E-02  2.43605322127325E-02  3.23360453354501E-02  1.73920265787927E-19  0.00000000000000E+00  6.82112671061402E-03  0.00000000000000E+00
     0.900000
  2.36748152367139E-02  1.45587544284853E-02  2.58023612337422E-02  3.51883349786464E-02  2.13193334561715E-19  0.00000000000000E+00  7.57140021678265E-03  0.00000000000000E+00
     1.000000
  2.35824979240698E-02  1.59543014142556E-02  2.78856890636861E-02  3.82932185014353E-02  3.25696321128118E-19  0.00000000000000E+00  8.30375857676415E-03  0.00000000000000E+00
