    19.000000
  2.97134392034356E+13  1.96205157593864E+13  3.40418157967681E+13  1.06033870293974E+14  1.91166639958279E-04  0.00000000000000E+00  1.63121673301196E+13  0.00000000000000E+00
    19.100000
  3.14232919976269E+13  2.22637423437166E+13  3.53622511511546E+13  1.09724996491989E+14  9.10507883941187E-05  0.00000000000000E+00  1.67582910294827E+13  0.00000000000000E+00
    19.200000
  3.30859864291725E+13  2.39588025579874E+13  3.76673443356679E+13  1.13555095690680E+14  4.12539434133493E-04  0.00000000000000E+00  1.72087958307016E+13  0.00000000000000E+00
    19.300000
  3.47492097753060E+13  2.53593308394458E+13  3.99757921460783E+13  1.17552150052519E+14 -4.47094887481804E-05  0.00000000000000E+00  1.77094669716113E+13  0.00000000000000E+00
    19.400000
  3.64233485579170E+13  2.66680985441621E+13  4.23876994860077E+13  1.21740337356255E+14  2.44928287430152E-04  0.00000000000000E+00  1.82509618606768E+13  0.00000000000000E+00
    19.500000
  3.81160760172648E+13  2.79204066437666E+13  4.48550485578411E+13  1.26105571434871E+14 -3.98993556705132E-04  0.00000000000000E+00  1.88526269741225E+13  0.00000000000000E+00
    19.600000
  3.98365285696529E+13  2.92651776549669E+13  4.73078315630430E+13  1.30671340460895E+14  3.13804159957508E-04  0.00000000000000E+00  1.95152708430498E+13  0.00000000000000E+00
    19.700000
  4.15802798946776E+13  3.08207479908854E+13  4.97296127546635E+13  1.35446812475356E+14 -2.54501549511384E-04  0.00000000000000E+00  2.02342534379846E+13  0.00000000000000E+00
    19.800000
  4.33690181961045E+13  3.25430603848471E+13  5.20092127273247E+13  1.40476331635198E+14 -1.67747164098788E-03  0.00000000000000E+00  2.09761590913880E+13  0.00000000000000E+00
    19.900000
  4.52400797242923E+13  3.41366977954616E+13  5.42474871242771E+13  1.45790407112285E+14 -5.04771474049966E-04  0.00000000000000E+00  2.17541495335474E+13  0.00000000000000E+00
    20.000000
  4.71940421032331E+13  3.57914429575659E+13  5.61157213141232E+13  1.51393316248663E+14 -7.12279987104908E-04  0.00000000000000E+00  2.25604364973993E+13  0.00000000000000E+00
