     0.000000
  5.89527001685188E-02  5.18178434295310E-09  8.69238215331252E-08  9.47377764198218E-02  0.00000000000000E+00  0.00000000000000E+00  0.00000000000000E+00  0.00000000000000E+00
     0.100000
  5.63042422775394E-02  4.25904074044769E-03  7.46591285072700E-03  9.02140717032945E-02  7.26588531279516E-20  0.00000000000000E+00  3.12535075921720E-03  0.00000000000000E+00
     0.200000
  5.24617524034150E-02  1.21766523041649E-02  2.04441720084204E-02  8.42545353094161E-02  1.25600126601639E-19  0.00000000000000E+00  5.43095622123649E-03  0.00000000000000E+00
     0.300000
  4.88268312769683E-02  1.99687090128484E-02  3.39853287238004E-02  7.97921753623597E-02  2.96171551549061E-19  0.00000000000000E+00  7.13367372560657E-03  0.00000000000000E+00
     0.400000
  4.61033395691381E-02  2.57438770201664E-02  4.42288302050627E-02  7.83348211671767E-02 -2.62383735601078E-19  0.00000000000000E+00  8.45263138050679E-03  0.00000000000000E+00
     0.500000
  4.45690283869039E-02  2.84460136061288E-02  5.10789010746406E-02  8.09704746381850E-02  3.52262430739802E-19  0.00000000000000E+00  9.63545425848377E-03  0.00000000000000E+00
     0.600000
  4.38292049398272E-02  2.97318832431051E-02  5.62172475128830E-02  8.71154390912357E-02  1.23390623080704E-19  0.00000000000000E+00  1.09063061607672E-02  0.00000000000000E+00
     0.700000
  4.33751460609179E-02  3.19869008434687E-02  6.03388551152991E-02  9.53991030988114E-02  4.16539189767086E-19  0.00000000000000E+00  1.23063092316179E-02  0.00000000000000E+00
     0.800000
  4.31116087734365E-02  3.49405527270186E-02  6.56019151989748E-02  1.04990746813194E-01  2.72026324590701E-20  0.00000000000000E+00  1.37951574865088E-02  0.00000000000000E+00
     0.900000
  4.32417733121642E-02  3.70221378203352E-02  7.36747139083817E-02  1.15766894120939E-01 -2.00780196604987E-20  0.00000000000000E+00  1.52808079676677E-02  0.00000000000000E+00
     1.000000
  4.39163441528352E-02  3.87082619985967E-02  8.09924095479054E-02  1.27902248135702E-01 -1.29663106906487E-19  0.00000000000000E+00  1.66425483726523E-02  0.00000000000000E+00
