     0.000000
  5.89524476589157E-02  1.29538638930883E-09  3.28202576439941E-08  9.47329687458552E-02  0.00000000000000E+00  0.00000000000000E+00  0.00000000000000E+00  0.00000000000000E+00
     0.100000
  5.73309179204325E-02  8.68983827268515E-04  7.87716057308276E-03  9.15815108120975E-02 -2.20196020502737E-20  0.00000000000000E+00  3.33537393471759E-03  0.00000000000000E+00
     0.200000
  5.52340821029211E-02  3.21611276844014E-03  2.45761943521880E-02  8.74454190504477E-02  4.88018825725134E-21  0.00000000000000E+00  6.27737059097601E-03  0.00000000000000E+00
     0.300000
  5.33324579810922E-02  6.45448118974881E-03  4.02085925856176E-02  8.45087650335856E-02  9.76760685642692E-20  0.00000000000000E+00  8.76351295093993E-03  0.00000000000000E+00
     0.400000
  5.21396839552287E-02  9.95290574953789E-03  5.10173662655809E-02  8.43915786382852E-02  4.21629941740107E-19  0.00000000000000E+00  1.09430814288659E-02  0.00000000000000E+00
     0.500000
  5.18761926842061E-02  1.33094719130894E-02  5.76728605810697E-02  8.78514695872044E-02  5.37436233002454E-19  0.00000000000000E+00  1.30359630216460E-02  0.00000000000000E+00
     0.600000
  5.25515108617119E-02  1.64184627287437E-02  6.20952625488988E-02  9.50473665478129E-02  7.55483984195023E-19  0.00000000000000E+00  1.52094996939063E-02  0.00000000000000E+00
     0.700000
  5.40735807934408E-02  1.93791843900287E-02  6.59699699087659E-02  1.05816116187262E-01  9.38585966860967E-19  0.00000000000000E+00  1.75487178085461E-02  0.00000000000000E+00
     0.800000
  5.63249227809661E-02  2.23802477432264E-02  7.04390153657426E-02  1.19858241562799E-01  2.53301108554982E-19  0.00000000000000E+00  2.00793328666857E-02  0.00000000000000E+00
     0.900000
  5.92235395715328E-02  2.55440672115800E-02  7.54053806959842E-02  1.36928693776829E-01 -1.10267189055822E-19  0.00000000000000E+00  2.28024082241536E-02  0.00000000000000E+00
     1.000000
  6.27040620143269E-02  2.89787505796438E-02  8.14396600665271E-02  1.56782799522527E-01  1.81696728244722E-19  0.00000000000000E+00  2.56794626389628E-02  0.00000000000000E+00
