     0.000000
  5.89527001685188E-02  5.18178434295310E-09  8.69238215331252E-08  9.47377764198218E-02  0.00000000000000E+00  0.00000000000000E+00  0.00000000000000E+00  0.00000000000000E+00
     0.100000
  5.63042422775394E-02  4.25904074044769E-03  7.46591285072700E-03  9.02140717032945E-02  7.26588531279516E-20  0.00000000000000E+00  3.12535075921720E-03  0.00000000000000E+00
     0.200000
  5.24617524034150E-02  1.21766523041649E-02  2.04441720084204E-02  8.42545353094161E-02  1.25600126601639E-19  0.00000000000000E+00  5.43095622123649E-03  0.00000000000000E+00
     0.300000
  4.88268312769683E-02  1.99687090128484E-02  3.39853287238004E-02  7.97921753623597E-02  2.96171551549061E-19  0.00000000000000E+00  7.13367372560657E-03  0.00000000000000E+00
     0.400000
  4.61033395691381E-02  2.57438770201664E-02  4.42288302050627E-02  7.83348211671767E-02 -2.62383735601078E-19  0.00000000000000E+00  8.45263138050679E-03  0.00000000000000E+00
     0.500000
  4.45690283869039E-02  2.84460136061288E-02  5.10789010746406E-02  8.09704746381850E-02  3.52262430739802E-19  0.00000000000000E+00  9.63545425848377E-03  0.00000000000000E+00
     0.600000
  4.38292049398272E-02  2.97318832431051E-02  5.62172475128830E-02  8.71154390912357E-02  1.23390623080704E-19  0.00000000000000E+00  1.09063061607672E-02  0.00000000000000E+00
     0.700000
  4.33751460609179E-02  3.19869008434687E-02  6.03388551152991E-02  9.53991030988114E-02  4.16539189767086E-19  0.00000000000000E+00  1.23063092316179E-02  0.00000000000000E+00
     0.800000
  4.31116087734365E-02  3.49405527270186E-02  6.56019151989748E-02  1.04990746813194E-01  2.72026324590701E-20  0.00000000000000E+00  1.37951574865088E-02  0.00000000000000E+00
     0.900000
  4.32417733121642E-02  3.70221378203352E-02  7.36747139083817E-02  1.15766894120939E-01 -2.00780196604987E-20  0.00000000000000E+00  1.52808079676677E-02  0.00000000000000E+00
     1.000000
  4.39163441528352E-02  3.87082619985967E-02  8.09924095479054E-02  1.27902248135702E-01 -1.29663106906487E-19  0.00000000000000E+00  1.66425483726523E-02  0.00000000000000E+00
     1.100000
  4.52344935111030E-02  3.97305972222368E-02  8.52158859411091E-02  1.41820050970195E-01 -1.13977447501665E-19  0.00000000000000E+00  1.80006109668804E-02  0.00000000000000E+00
     1.200000
  4.71298625779332E-02  4.00252713852078E-02  8.82993000253354E-02  1.57584277869546E-01  5.77689315009924E-19  0.00000000000000E+00  1.94959382391807E-02  0.00000000000000E+00
     1.300000
  4.95513325874352E-02  3.97049940298494E-02  9.19422702652011E-02  1.75023248881961E-01  4.73456636945644E-19  0.00000000000000E+00  2.10639599193162E-02  0.00000000000000E+00
     1.400000
  5.24307460490383E-02  3.87930642893280E-02  9.57527336818520E-02  1.93935347784199E-01  1.47862198233167E-19  0.00000000000000E+00  2.26831857124700E-02  0.00000000000000E+00
     1.500000
  5.56175422916321E-02  3.81515033671877E-02  1.00409083853673E-01  2.13911203143775E-01  1.74834202378627E-19  0.00000000000000E+00  2.43571055611921E-02  0.00000000000000E+00
     1.600000
  5.90241010595724E-02  3.84653317401961E-02  1.05861729587644E-01  2.34690195202746E-01 -3.75957146647183E-19  0.00000000000000E+00  2.60188124439137E-02  0.00000000000000E+00
     1.700000
  6.26645314741853E-02  3.92985551038559E-02  1.11795446800051E-01  2.56125256459112E-01  3.03554934645134E-19  0.00000000000000E+00  2.76819215454101E-02  0.00000000000000E+00
     1.800000
  6.65712141878772E-02  4.04792653235159E-02  1.18503366624762E-01  2.78030270291833E-01  1.31854889246022E-19  0.00000000000000E+00  2.93625822992885E-02  0.00000000000000E+00
     1.900000
  7.07736938828686E-02  4.18422563843436E-02  1.26080069771961E-01  3.00419342133177E-01  1.81256793233651E-19  0.00000000000000E+00  3.10837011134782E-02  0.00000000000000E+00
     2.000000
  7.52514682543584E-02  4.33448763476009E-02  1.34975390902329E-01  3.23268331583105E-01 -3.06636811847966E-19  0.00000000000000E+00  3.28815001772936E-02  0.00000000000000E+00
     2.100000
  7.99446971340826E-02  4.50729348954084E-02  1.45355051272036E-01  3.46483780208494E-01 -6.48621095857279E-19  0.00000000000000E+00  3.47653307777118E-02  0.00000000000000E+00
     2.200000
  8.47814967830042E-02  4.71892841699210E-02  1.57225047555768E-01  3.69947038796998E-01 -3.58850105599993E-19  0.00000000000000E+00  3.67259502466618E-02  0.00000000000000E+00
     2.300000
  8.97209171587491E-02  4.98783574807470E-02  1.70367579304315E-01  3.93607257442591E-01  6.85546296958641E-19  0.00000000000000E+00  3.87146772568092E-02  0.00000000000000E+00
     2.400000
  9.48016850210022E-02  5.31291962056424E-02  1.84037002216745E-01  4.17606234642374E-01  7.89503878690610E-19  0.00000000000000E+00  4.06750053782032E-02  0.00000000000000E+00
     2.500000
  1.00119645437576E-01  5.68580129224152E-02  1.97154523741944E-01  4.42211125363491E-01 -8.15040299330978E-19  0.00000000000000E+00  4.25759919134773E-02  0.00000000000000E+00
     2.600000
  1.05800035298380E-01  6.08605639961332E-02  2.08771955691587E-01  4.67778539926332E-01  7.90700467056358E-20  0.00000000000000E+00  4.44354730972607E-02  0.00000000000000E+00
     2.700000
  1.11928926405382E-01  6.50131982897726E-02  2.18622786785559E-01  4.94566168025530E-01  2.58525446695541E-20  0.00000000000000E+00  4.63243041180541E-02  0.00000000000000E+00
     2.800000
  1.18527208834586E-01  6.92859330650984E-02  2.27132192985915E-01  5.22682050277410E-01  3.65919237256666E-19  0.00000000000000E+00  4.83231021304258E-02  0.00000000000000E+00
     2.900000
  1.25544036390518E-01  7.37170243969581E-02  2.35411419035660E-01  5.52051640639758E-01  1.49665589598654E-21  0.00000000000000E+00  5.04945178802651E-02  0.00000000000000E+00
     3.000000
  1.32891615067665E-01  7.83534635417531E-02  2.44650256875827E-01  5.82519767009990E-01 -3.90615930090584E-20  0.00000000000000E+00  5.28522881471437E-02  0.00000000000000E+00
     3.100000
  1.40490052591505E-01  8.32205103855950E-02  2.55813332453912E-01  6.13938891129898E-01  2.90131419652915E-19  0.00000000000000E+00  5.53650396859943E-02  0.00000000000000E+00
     3.200000
  1.48303201644967E-01  8.83082472380045E-02  2.69166838977212E-01  6.46234729543142E-01  7.43825795904624E-19  0.00000000000000E+00  5.79753259255980E-02  0.00000000000000E+00
     3.300000
  1.56354918115336E-01  9.35756515976466E-02  2.84268315336136E-01  6.79437443347441E-01 -1.56868828143572E-18  0.00000000000000E+00  6.06303300311930E-02  0.00000000000000E+00
     3.400000
  1.64717881218851E-01  9.89561622999102E-02  3.00242555063781E-01  7.13684341935325E-01  3.09803030892165E-19  0.00000000000000E+00  6.33094911755426E-02  0.00000000000000E+00
     3.500000
  1.73476196199003E-01  1.04401804170298E-01  3.16222341912350E-01  7.49164403605514E-01 -1.34002252806362E-18  0.00000000000000E+00  6.60296626736475E-02  0.00000000000000E+00
     3.600000
  1.82692743094752E-01  1.09884308768769E-01  3.31785034492712E-01  7.86061916052882E-01  1.53690119191532E-18  0.00000000000000E+00  6.88338074815307E-02  0.00000000000000E+00
     3.700000
  1.92391938787945E-01  1.15386473470096E-01  3.47066445290202E-01  8.24507706753328E-01 -3.16349953773256E-19  0.00000000000000E+00  7.17692160426914E-02  0.00000000000000E+00
     3.800000
  2.02558764937981E-01  1.20944889231571E-01  3.62594592329976E-01  8.64552087442055E-01 -2.75785698291548E-20  0.00000000000000E+00  7.48705248062826E-02  0.00000000000000E+00
     3.900000
  2.13164692742239E-01  1.26636967673778E-01  3.78832164129058E-01  9.06215478830403E-01 -2.77963568491232E-19  0.00000000000000E+00  7.81412631768766E-02  0.00000000000000E+00
     4.000000
  2.24194874001427E-01  1.32524948337702E-01  3.95987597271199E-01  9.49548037743160E-01 -2.41921368202190E-18  0.00000000000000E+00  8.15715298844537E-02  0.00000000000000E+00
     4.100000
  2.35655649865231E-01  1.38655768062127E-01  4.13964429600981E-01  9.94644686888920E-01 -1.00738025908417E-18  0.00000000000000E+00  8.51488230040077E-02  0.00000000000000E+00
     4.200000
  2.47574686927800E-01  1.45024365735431E-01  4.32506600409018E-01  1.04165746984433E+00 -1.66830571037956E-18  0.00000000000000E+00  8.88734864505430E-02  0.00000000000000E+00
     4.300000
  2.59981933822582E-01  1.51604533240425E-01  4.51457122816954E-01  1.09074760328218E+00 -1.37660866593180E-18  0.00000000000000E+00  9.27635170939940E-02  0.00000000000000E+00
     4.400000
  2.72892931170213E-01  1.58387090227242E-01  4.70898111188329E-01  1.14203991397083E+00  1.25328978362193E-18  0.00000000000000E+00  9.68448066458255E-02  0.00000000000000E+00
     4.500000
  2.86304633610037E-01  1.65402163684328E-01  4.91143137647205E-01  1.19560044641810E+00 -8.48138738086771E-19  0.00000000000000E+00  1.01138400392527E-01  0.00000000000000E+00
     4.600000
  3.00203866524463E-01  1.72726517219707E-01  5.12543580492133E-01  1.25144645295844E+00  2.23140854102572E-18  0.00000000000000E+00  1.05649865876354E-01  0.00000000000000E+00
     4.700000
  3.14582763065430E-01  1.80451650839263E-01  5.35326858838013E-01  1.30957756588065E+00 -1.23711791718081E-19  0.00000000000000E+00  1.10370169390297E-01  0.00000000000000E+00
     4.800000
  3.29448969301256E-01  1.88656972726918E-01  5.59527277816246E-01  1.37000195871477E+00 -1.92869193797982E-18  0.00000000000000E+00  1.15282372699689E-01  0.00000000000000E+00
     4.900000
  3.44828556569164E-01  1.97392215050691E-01  5.85005517369543E-01  1.43275442278347E+00  2.16328840856545E-19  0.00000000000000E+00  1.20372127303666E-01  0.00000000000000E+00
     5.000000
  3.60757310519205E-01  2.06694438994013E-01  6.11570735283683E-01  1.49788288412921E+00  8.61306822862882E-19  0.00000000000000E+00  1.25634475201647E-01  0.00000000000000E+00
     5.100000
  3.77271645043090E-01  2.16599310630495E-01  6.39073225900298E-01  1.56543822276146E+00  6.14402833351274E-19  0.00000000000000E+00  1.31073650880421E-01  0.00000000000000E+00
     5.200000
  3.94401847993602E-01  2.27152330512958E-01  6.67447911336693E-01  1.63546521868418E+00 -2.98067160120174E-18  0.00000000000000E+00  1.36698725313988E-01  0.00000000000000E+00
     5.300000
  4.12172047021547E-01  2.38396488570838E-01  6.96691022603752E-01  1.70800772090303E+00 -5.47940913718365E-19  0.00000000000000E+00  1.42519438403816E-01  0.00000000000000E+00
     5.400000
  4.30602436803169E-01  2.50363508924732E-01  7.26820213677390E-01  1.78311473407132E+00  4.19926268758901E-18  0.00000000000000E+00  1.48543526959492E-01  0.00000000000000E+00
     5.500000
  4.49713131278297E-01  2.63064996259461E-01  7.57828629231262E-01  1.86085129681635E+00  1.38776508086484E-18  0.00000000000000E+00  1.54777139412875E-01  0.00000000000000E+00
     5.600000
  4.69525788974170E-01  2.76496558208200E-01  7.89683967154906E-01  1.94130364599715E+00 -2.03700666279542E-18  0.00000000000000E+00  1.61226485086775E-01  0.00000000000000E+00
     5.700000
  4.90065517963450E-01  2.90641071298980E-01  8.22319211555007E-01  2.02458780373877E+00  1.93525130620055E-18  0.00000000000000E+00  1.67899330097689E-01  0.00000000000000E+00
     5.800000
  5.11361526599133E-01  3.05474495122399E-01  8.55647918832123E-01  2.11085561109623E+00  9.19306072766033E-20  0.00000000000000E+00  1.74806899310779E-01  0.00000000000000E+00
     5.900000
  5.33446759540762E-01  3.20971319632184E-01  8.89574176568217E-01  2.20029608567293E+00 -6.29615472197560E-19  0.00000000000000E+00  1.81964361128945E-01  0.00000000000000E+00
     6.000000
  5.56356451974636E-01  3.37108725835397E-01  9.24006644872331E-01  2.29313264804321E+00 -2.55903709980674E-18  0.00000000000000E+00  1.89391015193044E-01  0.00000000000000E+00
     6.100000
  5.80125416777361E-01  3.53873074359636E-01  9.58885151459300E-01  2.38961229769845E+00 -3.72281277432174E-18  0.00000000000000E+00  1.97109508340869E-01  0.00000000000000E+00
     6.200000
  6.04785640511205E-01  3.71265275150876E-01  9.94194099192340E-01  2.48999109594909E+00 -3.40755907216475E-18  0.00000000000000E+00  2.05143802865700E-01  0.00000000000000E+00
     6.300000
  6.30364710595274E-01  3.89304588470705E-01  1.02997849474981E+00  2.59451827383993E+00  1.03255198348936E-18  0.00000000000000E+00  2.13517064906512E-01  0.00000000000000E+00
     6.400000
  6.56886964623359E-01  4.08024024612009E-01  1.06633676487348E+00  2.70342724696004E+00  1.27220197344658E-18  0.00000000000000E+00  2.22249364999159E-01  0.00000000000000E+00
     6.500000
  6.84376421591805E-01  4.27462614218227E-01  1.10340615085648E+00  2.81693258437333E+00 -1.57088858582340E-18  0.00000000000000E+00  2.31356841979682E-01  0.00000000000000E+00
     6.600000
  7.12860277193356E-01  4.47657805491946E-01  1.14134031666051E+00  2.93523189500500E+00 -2.85958002102617E-19  0.00000000000000E+00  2.40852072973053E-01  0.00000000000000E+00
     6.700000
  7.42370754838800E-01  4.68644726090673E-01  1.18029699324203E+00  3.05850874730152E+00  7.72284144368711E-19  0.00000000000000E+00  2.50745583695103E-01  0.00000000000000E+00
     6.800000
  7.72945344897078E-01  4.90458672121881E-01  1.22043452014340E+00  3.18693659696202E+00  1.89705506892928E-18  0.00000000000000E+00  2.61046985316310E-01  0.00000000000000E+00
     6.900000
  8.04625971795300E-01  5.13138172601331E-01  1.26191789556143E+00  3.32068232822300E+00 -3.84258634830798E-19  0.00000000000000E+00  2.71765974999854E-01  0.00000000000000E+00
     7.000000
  8.37458152054970E-01  5.36726701219098E-01  1.30492274365436E+00  3.45990888052665E+00  1.17536547610353E-18  0.00000000000000E+00  2.82911927645641E-01  0.00000000000000E+00
     7.100000
  8.71491420857159E-01  5.61269777528071E-01  1.34963125963610E+00  3.60477830515052E+00  2.48473991260143E-18  0.00000000000000E+00  2.94493406386846E-01  0.00000000000000E+00
     7.200000
  9.06781105817698E-01  5.86809100446692E-01  1.39622107642500E+00  3.75545529059087E+00 -6.26289383814791E-18  0.00000000000000E+00  3.06518042740274E-01  0.00000000000000E+00
     7.300000
  9.43390852319462E-01  6.13376660476325E-01  1.44485305352533E+00  3.91211090100499E+00 -3.00471702418349E-18  0.00000000000000E+00  3.18993454064622E-01  0.00000000000000E+00
     7.400000
  9.81394647755886E-01  6.40991999901088E-01  1.49566640977633E+00  4.07492546628192E+00 -6.67624623263745E-18  0.00000000000000E+00  3.31929428292398E-01  0.00000000000000E+00
     7.500000
  1.02087721156384E+00  6.69664809337692E-01  1.54878507614876E+00  4.24409034705419E+00 -1.13533538789727E-17  0.00000000000000E+00  3.45340476984137E-01  0.00000000000000E+00
     7.600000
  1.06193267114611E+00  6.99401398403598E-01  1.60433285334267E+00  4.41981022209101E+00  5.36262070874897E-18  0.00000000000000E+00  3.59248009263611E-01  0.00000000000000E+00
     7.700000
  1.10466237026270E+00  7.30211081329918E-01  1.66244706379048E+00  4.60230772565165E+00  2.73972605070169E-18  0.00000000000000E+00  3.73681266623638E-01  0.00000000000000E+00
     7.800000
  1.14917264444168E+00  7.62110125010776E-01  1.72328610939176E+00  4.79183083889611E+00 -2.78689296305008E-19  0.00000000000000E+00  3.88677385842565E-01  0.00000000000000E+00
     7.900000
  1.19557286159284E+00  7.95124403341509E-01  1.78703070974364E+00  4.98866112962506E+00  4.28512938373175E-18  0.00000000000000E+00  4.04280535504311E-01  0.00000000000000E+00
     8.000000
  1.24397423299241E+00  8.29289373873149E-01  1.85387881262870E+00  5.19312212904981E+00  2.14337471805122E-18  0.00000000000000E+00  4.20540863575988E-01  0.00000000000000E+00
     8.100000
  1.29448881698502E+00  8.64651115893104E-01  1.92404364637439E+00  5.40558471548220E+00 -8.33829029261580E-18  0.00000000000000E+00  4.37513446274337E-01  0.00000000000000E+00
     8.200000
  1.34722870262622E+00  9.01267722270407E-01  1.99775393546091E+00  5.62646964390081E+00  7.27084774065461E-18  0.00000000000000E+00  4.55257323478629E-01  0.00000000000000E+00
     8.300000
  1.40230501468376E+00  9.39211825745298E-01  2.07525875677018E+00  5.85624719789533E+00 -4.08790474802297E-18  0.00000000000000E+00  4.73834457047866E-01  0.00000000000000E+00
     8.400000
  1.45982706726456E+00  9.78572114301622E-01  2.15683228265030E+00  6.09543609891955E+00  6.55387046123529E-18  0.00000000000000E+00  4.93308311059945E-01  0.00000000000000E+00
     8.500000
  1.51990215390836E+00  1.01945187203517E+00  2.24277454943797E+00  6.34460308613463E+00 -8.38263016842299E-18  0.00000000000000E+00  5.13742101486357E-01  0.00000000000000E+00
     8.600000
  1.58263618959600E+00  1.06196465512883E+00  2.33340780417619E+00  6.60436251117828E+00  5.57466989825900E-18  0.00000000000000E+00  5.35196876927457E-01  0.00000000000000E+00
     8.700000
  1.64813533148830E+00  1.10622775415928E+00  2.42906873957251E+00  6.87537471253599E+00 -8.08411919287725E-19  0.00000000000000E+00  5.57729724769740E-01  0.00000000000000E+00
     8.800000
  1.71650836222727E+00  1.15235539965756E+00  2.53009983742686E+00  7.15834129486567E+00  2.34787214806710E-17  0.00000000000000E+00  5.81392375296139E-01  0.00000000000000E+00
     8.900000
  1.78786967300704E+00  1.20045249417990E+00  2.63684073597142E+00  7.45399715101215E+00 -9.46811480921936E-18  0.00000000000000E+00  6.06230381479489E-01  0.00000000000000E+00
     9.000000
  1.86234246282948E+00  1.25060985541906E+00  2.74962157530524E+00  7.76309969240497E+00 -7.64822037562349E-18  0.00000000000000E+00  6.32283139423127E-01  0.00000000000000E+00
     9.100000
  1.94006176430289E+00  1.30290127993938E+00  2.86875796541245E+00  8.08641687255626E+00  4.46801186058958E-18  0.00000000000000E+00  6.59584735786344E-01  0.00000000000000E+00
     9.200000
  2.02117691719947E+00  1.35738254009315E+00  2.99454789474675E+00  8.42471569151299E+00 -1.27561114641868E-17  0.00000000000000E+00  6.88165599318940E-01  0.00000000000000E+00
     9.300000
  2.10585325458139E+00  1.41409199071835E+00  3.12726956534562E+00  8.77875299040882E+00 -5.16035688600750E-19  0.00000000000000E+00  7.18054720954732E-01  0.00000000000000E+00
     9.400000
  2.19427276969171E+00  1.47305307334318E+00  3.26718064366159E+00  9.14926974328764E+00 -1.08303722071531E-17  0.00000000000000E+00  7.49282191682266E-01  0.00000000000000E+00
     9.500000
  2.28663370033471E+00  1.53427858609314E+00  3.41451845597522E+00  9.53698987815936E+00 -2.18298576355133E-17  0.00000000000000E+00  7.81881763084304E-01  0.00000000000000E+00
     9.600000
  2.38314909568663E+00  1.59777656561229E+00  3.56950139615647E+00  9.94262402465007E+00 -1.56283915272467E-17  0.00000000000000E+00  8.15893167744703E-01  0.00000000000000E+00
     9.700000
  2.48404463092823E+00  1.66355703835080E+00  3.73233124828132E+00  1.03668778097269E+01 -8.03839530493595E-18  0.00000000000000E+00  8.51364010901910E-01  0.00000000000000E+00
     9.800000
  2.58955594847188E+00  1.73163918441022E+00  3.90319693640200E+00  1.08104631457572E+01  3.54272580445656E-17  0.00000000000000E+00  8.88351110761525E-01  0.00000000000000E+00
     9.900000
  2.69992579059279E+00  1.80205870554914E+00  4.08228001153831E+00  1.12741103216441E+01  1.46373085805385E-17  0.00000000000000E+00  9.26921179707919E-01  0.00000000000000E+00
    10.000000
  2.81540114837532E+00  1.87487530349818E+00  4.26976206132652E+00  1.17585788290827E+01  2.12605246175992E-17  0.00000000000000E+00  9.67150790726074E-01  0.00000000000000E+00
    10.100000
  2.93623066910079E+00  1.95017984478243E+00  4.46583342042834E+00  1.22646656413750E+01  9.89694331943237E-18  0.00000000000000E+00  1.00912565192268E+00  0.00000000000000E+00
    10.200000
  3.06266254373297E+00  2.02810060062740E+00  4.67070217243610E+00  1.27932106574074E+01 -2.80116055541739E-19  0.00000000000000E+00  1.05293930518047E+00  0.00000000000000E+00
    10.300000
  3.19494308142973E+00  2.10880774618334E+00  4.88460204747641E+00  1.33450999819997E+01  1.60636100022101E-18  0.00000000000000E+00  1.09869145940778E+00  0.00000000000000E+00
    10.400000
  3.33331611476520E+00  2.19251542501739E+00  5.10779796091943E+00  1.39212681398159E+01  2.38234693787287E-18  0.00000000000000E+00  1.14648616013870E+00  0.00000000000000E+00
    10.500000
  3.47802329873179E+00  2.27948092231608E+00  5.34058882674661E+00  1.45227001588267E+01 -1.39344325835184E-17  0.00000000000000E+00  1.19643000623699E+00  0.00000000000000E+00
    10.600000
  3.62930525823580E+00  2.37000096786001E+00  5.58330805191261E+00  1.51504337462537E+01 -1.49901460044137E-18  0.00000000000000E+00  1.24863054947612E+00  0.00000000000000E+00
    10.700000
  3.78740343679467E+00  2.46440570352286E+00  5.83632288201272E+00  1.58055609963197E+01  2.51342316310062E-17  0.00000000000000E+00  1.30319498012148E+00  0.00000000000000E+00
    10.800000
  3.95256248443418E+00  2.56305100877769E+00  6.10003343038687E+00  1.64892288529272E+01 -1.24949344049511E-17  0.00000000000000E+00  1.36022913389630E+00  0.00000000000000E+00
    10.900000
  4.12503304752198E+00  2.66630979261809E+00  6.37487166048852E+00  1.72026379397971E+01  5.04314000133628E-18  0.00000000000000E+00  1.41983687928671E+00  0.00000000000000E+00
    11.000000
  4.30507483080149E+00  2.77456282710671E+00  6.66130005910122E+00  1.79470400429187E+01 -7.67942789566055E-18  0.00000000000000E+00  1.48211994260215E+00  0.00000000000000E+00
    11.100000
  4.49295979468350E+00  2.88818962576926E+00  6.95980942017540E+00  1.87237352314771E+01 -5.28875930602304E-19  0.00000000000000E+00  1.54717823935554E+00  0.00000000000000E+00
    11.200000
  4.68897530687864E+00  3.00755994281076E+00  7.27091546419071E+00  1.95340699050705E+01 -6.01249069862064E-18  0.00000000000000E+00  1.61511072683249E+00  0.00000000000000E+00
    11.300000
  4.89342704123430E+00  3.13302647231464E+00  7.59515451189432E+00  2.03794369242393E+01 -1.52054499635808E-18  0.00000000000000E+00  1.68601672785796E+00  0.00000000000000E+00
    11.400000
  5.10664141205930E+00  3.26491932490787E+00  7.93307890596398E+00  2.12612784443925E+01  1.18626621288669E-17  0.00000000000000E+00  1.75999759462730E+00  0.00000000000000E+00
    11.500000
  5.32896737405240E+00  3.40354278211293E+00  8.28525305593907E+00  2.21810913707410E+01  4.91489670244741E-18  0.00000000000000E+00  1.83715851475965E+00  0.00000000000000E+00
    11.600000
  5.56077752140509E+00  3.54917454001315E+00  8.65225067445592E+00  2.31404348063492E+01  1.16411055183435E-17  0.00000000000000E+00  1.91761024717079E+00  0.00000000000000E+00
    11.700000
  5.80246853064452E+00  3.70206739081460E+00  9.03465345103608E+00  2.41409385370917E+01  1.32271440090871E-17  0.00000000000000E+00  2.00147059900924E+00  0.00000000000000E+00
    11.800000
  6.05446109435076E+00  3.86245298727386E+00  9.43305109610673E+00  2.51843115681429E+01  5.16098463124208E-18  0.00000000000000E+00  2.08886554465431E+00  0.00000000000000E+00
    11.900000
  6.31719952906711E+00  4.03054726780991E+00  9.84804275159281E+00  2.62723497737073E+01 -5.51600800509019E-17  0.00000000000000E+00  2.17992997469120E+00  0.00000000000000E+00
    12.000000
  6.59115125178795E+00  4.20655703702778E+00  1.02802397515847E+01  2.74069419175755E+01  1.52279228283027E-17  0.00000000000000E+00  2.27480813371499E+00  0.00000000000000E+00
    12.100000
  6.87680628397772E+00  4.39068723655777E+00  1.07302698623118E+01  2.85900735691352E+01 -2.22767787840098E-17  0.00000000000000E+00  2.37365384301799E+00  0.00000000000000E+00
    12.200000
  7.17467689835716E+00  4.58314844207949E+00  1.11987829394429E+01  2.98238289133309E+01 -4.07112081576119E-17  0.00000000000000E+00  2.47663059951092E+00  0.00000000000000E+00
    12.300000
  7.48529746678216E+00  4.78416418165131E+00  1.16864577824254E+01  3.11103909838612E+01 -4.77516534402196E-18  0.00000000000000E+00  2.58391162521405E+00  0.00000000000000E+00
    12.400000
  7.80922453223188E+00  4.99397767859052E+00  1.21940096973237E+01  3.24520412817211E+01  6.01129783325571E-18  0.00000000000000E+00  2.69567991388759E+00  0.00000000000000E+00
    12.500000
  8.14703711689486E+00  5.21285763137929E+00  1.27221981821941E+01  3.38511598382870E+01  3.97144387776495E-17  0.00000000000000E+00  2.81212829928312E+00  0.00000000000000E+00
    12.600000
  8.49933728295042E+00  5.44110272292448E+00  1.32718342517014E+01  3.53102264820505E+01  3.88184100488575E-17  0.00000000000000E+00  2.93345955207561E+00  0.00000000000000E+00
    12.700000
  8.86675097398311E+00  5.67904469225856E+00  1.38437870094060E+01  3.68318235692024E+01 -2.86470131629615E-17  0.00000000000000E+00  3.05988649451570E+00  0.00000000000000E+00
    12.800000
  9.24992916107136E+00  5.92705000365698E+00  1.44389892428021E+01  3.84186399814736E+01 -8.06944818038414E-17  0.00000000000000E+00  3.19163212036653E+00  0.00000000000000E+00
    12.900000
  9.64954930083788E+00  6.18552029771781E+00  1.50584419023046E+01  4.00734760002461E+01  4.01362541175271E-17  0.00000000000000E+00  3.32892971931622E+00  0.00000000000000E+00
    13.000000
  1.00663170815327E+01  6.45489189241574E+00  1.57032174386427E+01  4.17992487222155E+01 -1.83044388639636E-17  0.00000000000000E+00  3.47202303036985E+00  0.00000000000000E+00
    13.100000
  1.05009683989148E+01  6.73563462176169E+00  1.63744620790516E+01  4.35989978697949E+01 -4.05846612272352E-17  0.00000000000000E+00  3.62116646378649E+00  0.00000000000000E+00
    13.200000
  1.09542714799742E+01  7.02825027359758E+00  1.70733971844027E+01  4.54758920286773E+01  4.05965879627205E-17  0.00000000000000E+00  3.77662542678371E+00  0.00000000000000E+00
    13.300000
  1.14270290645079E+01  7.33327085775510E+00  1.78013198467629E+01  4.74332354026963E+01 -2.31360412802869E-17  0.00000000000000E+00  3.93867675998680E+00  0.00000000000000E+00
    13.400000
  1.19200805647720E+01  7.65125690209045E+00  1.85596028641118E+01  4.94744750824361E+01  2.98582841269756E-17  0.00000000000000E+00  4.10760925970615E+00  0.00000000000000E+00
    13.500000
  1.24343041464814E+01  7.98279593376161E+00  1.93496941765673E+01  5.16032086189376E+01 -3.45345762374298E-17  0.00000000000000E+00  4.28372424135773E+00  0.00000000000000E+00
    13.600000
  1.29706186985673E+01  8.32850126566113E+00  2.01731158368178E+01  5.38231914927609E+01  4.09341461791415E-17  0.00000000000000E+00  4.46733610568882E+00  0.00000000000000E+00
    13.700000
  1.35299856773240E+01  8.68901115939071E+00  2.10314625714483E+01  5.61383440193317E+01 -1.03464037000950E-16  0.00000000000000E+00  4.65877289810763E+00  0.00000000000000E+00
    13.800000
  1.41134108142021E+01  9.06498839820853E+00  2.19264000008221E+01  5.85527574046052E+01 -4.71328745380526E-18  0.00000000000000E+00  4.85837688606656E+00  0.00000000000000E+00
    13.900000
  1.47219456702102E+01  9.45712026763141E+00  2.28596626035538E+01  6.10706990273293E+01 -4.92907638898569E-17  0.00000000000000E+00  5.06650520095604E+00  0.00000000000000E+00
    14.000000
  1.53566890129274E+01  9.86611890809071E+00  2.38330515302627E+01  6.36966174408625E+01  5.02527945144015E-17  0.00000000000000E+00  5.28353058625039E+00  0.00000000000000E+00
    14.100000
  1.60187879965869E+01  1.02927219731884E+01  2.48484324064014E+01  6.64351478947823E+01  6.48711696752516E-18  0.00000000000000E+00  5.50984226358432E+00  0.00000000000000E+00
    14.200000
  1.67094391481328E+01  1.07376935083297E+01  2.59077333172193E+01  6.92911192478759E+01  5.89349894028207E-17  0.00000000000000E+00  5.74584688653989E+00  0.00000000000000E+00
    14.300000
  1.74298892015474E+01  1.12018249682507E+01  2.70129432285159E+01  7.22695629376380E+01 -8.66711779015907E-17  0.00000000000000E+00  5.99196951557247E+00  0.00000000000000E+00
    14.400000
  1.81814358687220E+01  1.16859363317237E+01  2.81661111738455E+01  7.53757242322711E+01  1.58315306850969E-17  0.00000000000000E+00  6.24865453113637E+00  0.00000000000000E+00
    14.500000
  1.89654286757338E+01  1.21908773342644E+01  2.93693465973268E+01  7.86150754514869E+01  4.79535134187422E-17  0.00000000000000E+00  6.51636641108025E+00  0.00000000000000E+00
    14.600000
  1.97832700163291E+01  1.27175289097213E+01  3.06248212609016E+01  8.19933303586207E+01  1.03548423935242E-16  0.00000000000000E+00  6.79559032881104E+00  0.00000000000000E+00
    14.700000
  2.06364165731004E+01  1.32668049807006E+01  3.19347730721621E+01  8.55164586380900E+01 -6.15182357794976E-17  0.00000000000000E+00  7.08683257377934E+00  0.00000000000000E+00
    14.800000
  2.15263812305357E+01  1.38396547462453E+01  3.33015120434431E+01  8.91906993507456E+01 -7.42880464398353E-18  0.00000000000000E+00  7.39062084266648E+00  0.00000000000000E+00
    14.900000
  2.24547355578024E+01  1.44370655739548E+01  3.47274283708543E+01  9.30225725049742E+01 -1.46226947385172E-16  0.00000000000000E+00  7.70750448716577E+00  0.00000000000000E+00
    15.000000
  2.34231128809394E+01  1.50600665249676E+01  3.62150023629790E+01  9.70188883311503E+01 -2.04066900863452E-17  0.00000000000000E+00  8.03805482180729E+00  0.00000000000000E+00
    15.100000
  2.44332119039217E+01  1.57097324455372E+01  3.77668157136962E+01  1.01186754397031E+02  1.39789397538504E-16  0.00000000000000E+00  8.38286558949833E+00  0.00000000000000E+00
    15.200000
  2.54868007855724E+01  1.63871884751017E+01  3.93855634746776E+01  1.05533581213273E+02 -5.55417110544281E-17  0.00000000000000E+00  8.74255365734806E+00  0.00000000000000E+00
    15.300000
  2.65857215453550E+01  1.70936147571636E+01  4.10740660679989E+01  1.10067087314389E+02  7.57920360647779E-17  0.00000000000000E+00  9.11775998046032E+00  0.00000000000000E+00
    15.400000
  2.77318946618602E+01  1.78302511051870E+01  4.28352807831303E+01  1.14795304870931E+02 -2.15018064079258E-18  0.00000000000000E+00  9.50915083679914E+00  0.00000000000000E+00
    15.500000
  2.89273237425652E+01  1.85984013764617E+01  4.46723123665590E+01  1.19726586711425E+02 -6.47494450031810E-17  0.00000000000000E+00  9.91741930886323E+00  0.00000000000000E+00
    15.600000
  3.01741001731901E+01  1.93994373451007E+01  4.65884224654328E+01  1.24869615337533E+02  2.28257675281294E-17  0.00000000000000E+00  1.03432869709325E+01  0.00000000000000E+00
    15.700000
  3.14744076868824E+01  2.02348019356933E+01  4.85870377949825E+01  1.30233414270887E+02 -5.50666042312187E-17  0.00000000000000E+00  1.07875057342483E+01  0.00000000000000E+00
    15.800000
  3.28305268196941E+01  2.11060117563016E+01  5.06717569580817E+01  1.35827361980390E+02  9.05976968854080E-17  0.00000000000000E+00  1.12508598047032E+01  0.00000000000000E+00
    15.900000
  3.42448392378706E+01  2.20146589349808E+01  5.28463558959734E+01  1.41661208679248E+02 -4.82585433024114E-16  0.00000000000000E+00  1.17341677137600E+01  0.00000000000000E+00
    16.000000
  3.57198319394079E+01  2.29624123084014E+01  5.51147920191467E+01  1.47745096335229E+02  7.75473427097340E-17  0.00000000000000E+00  1.22382843870170E+01  0.00000000000000E+00
    16.100000
  3.72581013524282E+01  2.39510180438397E+01  5.74812071671836E+01  1.54089582181046E+02 -4.52028257593799E-17  0.00000000000000E+00  1.27641032119633E+01  0.00000000000000E+00
    16.200000
  3.88623573784244E+01  2.49822998087309E+01  5.99499296621427E+01  1.60705665789140E+02 -1.45935030652145E-16  0.00000000000000E+00  1.33125580581626E+01  0.00000000000000E+00
    16.300000
  4.05354274570697E+01  2.60581586397799E+01  6.25254758355066E+01  1.67604819416817E+02  8.71913824339112E-18  0.00000000000000E+00  1.38846251972231E+01  0.00000000000000E+00
    16.400000
  4.22802607556858E+01  2.71805727019590E+01  6.52125515099906E+01  1.74799020922291E+02 -1.03020061394263E-16  0.00000000000000E+00  1.44813250752752E+01  0.00000000000000E+00
    16.500000
  4.40999326047466E+01  2.83515971569670E+01  6.80160539900781E+01  1.82300788207895E+02  2.42619146463486E-17  0.00000000000000E+00  1.51037239123382E+01  0.00000000000000E+00
    16.600000
  4.59976493061433E+01  2.95733643731118E+01  7.09410751376793E+01  1.90123213959181E+02  4.03776861627761E-16  0.00000000000000E+00  1.57529351386713E+01  0.00000000000000E+00
    16.700000
  4.79767534304743E+01  3.08480847011414E+01  7.39929060619050E+01  1.98279999475899E+02  6.76948399849978E-17  0.00000000000000E+00  1.64301207194463E+01  0.00000000000000E+00
    16.800000
  5.00407296931543E+01  3.21780480129167E+01  7.71770438298385E+01  2.06785486638723E+02  3.60440499697752E-17  0.00000000000000E+00  1.71364924551921E+01  0.00000000000000E+00
    16.900000
  5.21932114595931E+01  3.35656261534457E+01  8.04992004243218E+01  2.15654687477471E+02  2.77092449282520E-16  0.00000000000000E+00  1.78733133668304E+01  0.00000000000000E+00
    17.000000
  5.44379878832735E+01  3.50132763948155E+01  8.39653139674909E+01  2.24903311317967E+02 -3.21880233289107E-16  0.00000000000000E+00  1.86418992756038E+01  0.00000000000000E+00
    17.100000
  5.67790116353527E+01  3.65235459097990E+01  8.75815620307248E+01  2.34547789985236E+02 -2.01885211862234E-16  0.00000000000000E+00  1.94436206697434E+01  0.00000000000000E+00
    17.200000
  5.92204071487693E+01  3.80990772123137E+01  9.13543766920054E+01  2.44605301935906E+02 -1.40151945228625E-16  0.00000000000000E+00  2.02799049160446E+01  0.00000000000000E+00
    17.300000
  6.17664792800607E+01  3.97426144510086E+01  9.52904609003415E+01  2.55093796412189E+02  4.46806575052096E-17  0.00000000000000E+00  2.11522388333154E+01  0.00000000000000E+00
    17.400000
  6.44217222910778E+01  4.14570103974940E+01  9.93968056694111E+01  2.66032018723786E+02  4.07239174806003E-16  0.00000000000000E+00  2.20621716045726E+01  0.00000000000000E+00
    17.500000
  6.71908290687983E+01  4.32452339463815E+01  1.03680707645505E+02  2.77439537590252E+02  9.82538985693402E-17  0.00000000000000E+00  2.30113179737242E+01  0.00000000000000E+00
    17.600000
  7.00787005287102E+01  4.51103779415296E+01  1.08149786664891E+02  2.89336775175609E+02 -1.16068283006395E-16  0.00000000000000E+00  2.40013616556595E+01  0.00000000000000E+00
    17.700000
  7.30904551778854E+01  4.70556671599457E+01  1.12812003012759E+02  3.01745040103264E+02 -1.54791433069889E-16  0.00000000000000E+00  2.50340588875595E+01  0.00000000000000E+00
    17.800000
  7.62314388404395E+01  4.90844663172102E+01  1.17675674198904E+02  3.14686563434608E+02  2.04034367320937E-16  0.00000000000000E+00  2.61112420609855E+01  0.00000000000000E+00
    17.900000
  7.95072345657775E+01  5.12002879998771E+01  1.22749491155893E+02  3.28184537386659E+02  3.71815126968986E-17  0.00000000000000E+00  2.72348233930086E+01  0.00000000000000E+00
    18.000000
  8.29236727475188E+01  5.34068004754325E+01  1.28042533836040E+02  3.42263156472994E+02  2.48099016434101E-16  0.00000000000000E+00  2.84067986141589E+01  0.00000000000000E+00
    18.100000
  8.64868414804997E+01  5.57078353733641E+01  1.33564286235866E+02  3.56947660758015E+02  1.29249505582679E-16  0.00000000000000E+00  2.96292506674736E+01  0.00000000000000E+00
    18.200000
  9.02030971791829E+01  5.81073952668078E+01  1.39324650919594E+02  3.72264380968541E+02  2.81955505802469E-16  0.00000000000000E+00  3.09043534257204E+01  0.00000000000000E+00
    18.300000
  9.40790754775755E+01  6.06096612109543E+01  1.45333963154305E+02  3.88240785258560E+02  1.17008809620297E-15  0.00000000000000E+00  3.22343754442184E+01  0.00000000000000E+00
    18.400000
  9.81217024304260E+01  6.32190003139464E+01  1.51603004810087E+02  4.04905527452283E+02  5.79687713937131E-16  0.00000000000000E+00  3.36216837758659E+01  0.00000000000000E+00
    18.500000
  1.02338206037174E+02  6.59399734324146E+01  1.58143018213841E+02  4.22288496621460E+02 -2.04979647002795E-16  0.00000000000000E+00  3.50687478831495E+01  0.00000000000000E+00
    18.600000
  1.06736128111593E+02  6.87773430982496E+01  1.64965720171942E+02  4.40420867933067E+02  3.42685047108283E-17  0.00000000000000E+00  3.65781436881122E+01  0.00000000000000E+00
    18.700000
  1.11323336520300E+02  7.17360817914456E+01  1.72083316398041E+02  4.59335154861943E+02  2.11927681631186E-16  0.00000000000000E+00  3.81525578038365E+01  0.00000000000000E+00
    18.800000
  1.16108037814197E+02  7.48213806701424E+01  1.79508516607839E+02  4.79065263076492E+02  3.41756805878721E-16  0.00000000000000E+00  3.97947919878237E+01  0.00000000000000E+00
    18.900000
  1.21098790282225E+02  7.80386588520236E+01  1.87254550579365E+02  4.99646546502213E+02  8.93586702941877E-16  0.00000000000000E+00  4.15077678468561E+01  0.00000000000000E+00
    19.000000
  1.26304517470115E+02  8.13935733172493E+01  1.95335185521181E+02  5.21115866164365E+02  1.29229502032873E-16  0.00000000000000E+00  4.32945318043869E+01  0.00000000000000E+00
    19.100000
  1.31734522228345E+02  8.48920294820303E+01  2.03764745128273E+02  5.43511652355593E+02 -2.71665423125326E-16  0.00000000000000E+00  4.51582603185072E+01  0.00000000000000E+00
    19.200000
  1.37398501380188E+02  8.85401924804731E+01  2.12558130720359E+02  5.66873970468722E+02 -5.22318174751317E-16  0.00000000000000E+00  4.71022653178643E+01  0.00000000000000E+00
    19.300000
  1.43306561126357E+02  9.23444991893574E+01  2.21730844837851E+02  5.91244590531002E+02 -1.34008738499666E-15  0.00000000000000E+00  4.91299998125298E+01  0.00000000000000E+00
    19.400000
  1.49469233320786E+02  9.63116710285833E+01  2.31299017610451E+02  6.16667060155874E+02  6.11043742351835E-16  0.00000000000000E+00  5.12450636423987E+01  0.00000000000000E+00
    19.500000
  1.55897492756741E+02  1.00448727560195E+02  2.41279436109304E+02  6.43186780381314E+02 -4.73170958523229E-16  0.00000000000000E+00  5.34512093477438E+01  0.00000000000000E+00
    19.600000
  1.62602775590330E+02  1.04763000885314E+02  2.51689576748488E+02  6.70851083764533E+02 -5.00469789302402E-16  0.00000000000000E+00  5.57523481799863E+01  0.00000000000000E+00
    19.700000
  1.69596998999564E+02  1.09262150799935E+02  2.62547640627417E+02  6.99709314190687E+02 -6.54023737272724E-16  0.00000000000000E+00  5.81525563067522E+01  0.00000000000000E+00
    19.800000
  1.76892582134858E+02  1.13954180620835E+02  2.73872591526454E+02  7.29812908119874E+02  3.13602709961067E-16  0.00000000000000E+00  6.06560812943754E+01  0.00000000000000E+00
    19.900000
  1.84502468368371E+02  1.18847453539643E+02  2.85684196115926E+02  7.61215477385682E+02  1.28027785375057E-16  0.00000000000000E+00  6.32673489659745E+01  0.00000000000000E+00
    20.000000
  1.92440148803581E+02  1.23950709317469E+02  2.98003065844226E+02  7.93972894081559E+02 -1.71749901751925E-15  0.00000000000000E+00  6.59909707310122E+01  0.00000000000000E+00
